CONT	PGS A	SIA											
LINE	NWS07	-02A											
AREA	North	Wes											
INFO	"	  WGS 84"	DAT											
COM1	2040p	gsnw											
SPNT	3516			956		-68968	7658985			2			
VELF	3516		0	4970	1490	5185	1525	5313	1590	5549	1845	5825	2065
VELF	3516		0	6088	2260	6229	2370	6640	2575	6887	2735	7387	3150
VELF	3516		0	8108	3630	9138	3845	10418	4055	11987	4300		
SPNT	3596			983		-68195	7659621			2			
VELF	3596		0	4934	1495	4995	1502	5187	1532	5308	1592	5576	1900
VELF	3596		0	5865	2145	6054	2275	6172	2368	6377	2450	6599	2575
VELF	3596		0	6997	2885	7394	3240	7596	3385	8155	3730	9320	3955
VELF	3596		0	10485	4135	11980	4350						
SPNT	3676			1009		-67443	7660278			2			
VELF	3676		0	4741	1490	4855	1505	4966	1535	5202	1618	5333	1690
VELF	3676		0	5650	2085	5833	2212	6290	2480	6599	2695	6855	2955
VELF	3676		0	7141	3148	7744	3585	8013	3745	8431	3880	9279	4035
VELF	3676		0	10438	4220	11973	4410						
SPNT	3756			1036		-66675	7660920			2			
VELF	3756		0	4586	1490	4721	1510	4864	1555	5030	1625	5279	1760
VELF	3756		0	5441	1935	5556	2070	5704	2255	5980	2518	6559	2810
VELF	3756		0	6828	3095	7266	3455	7811	3800	8202	4010	9057	4160
VELF	3756		0	10020	4310	11993	4545						
SPNT	3836			1063		-65904	7661561			2			
VELF	3836		0	4505	1490	4707	1510	4896	1555	5187	1768	5522	2065
VELF	3836		0	5872	2525	6370	2845	6606	3035	6815	3190	7670	3760
VELF	3836		0	8094	3975	9118	4200	9791	4310	10990	4455	11980	4575
SPNT	3916			1089		-65140	7662203			2			
VELF	3916		0	4455	1488	4576	1508	4717	1562	4882	1670	5152	1910
VELF	3916		0	5367	2070	5758	2440	6411	2875	6754	3145	7529	3645
VELF	3916		0	7993	3920	9125	4255	9973	4400	10923	4525	11980	4655
SPNT	3996			1116		-64375	7662846			2			
VELF	3996		0	4377	1490	4522	1505	4712	1578	4854	1768	5273	2022
VELF	3996		0	5616	2338	6364	2905	7044	3305	7394	3515	7933	3875
VELF	3996		0	8532	4080	9077	4235	9582	4350	10377	4475	11993	4660
SPNT	4076			1143		-63627	7663510			2			
VELF	4076		0	4337	1490	4444	1515	4545	1570	4707	1745	5017	1930
VELF	4076		0	5407	2205	5778	2495	6086	2685	6936	3240	7199	3405
VELF	4076		0	7785	3770	8182	3945	9320	4260	10337	4455	12000	4660
SPNT	4156			1169		-62857	7664149			2			
VELF	4156		0	4189	1490	4350	1535	4451	1660	4566	1745	5253	2412
VELF	4156		0	5461	2560	6182	2900	6566	3070	7226	3425	7764	3635
VELF	4156		0	8269	3850	8822	4010	9778	4220	10505	4365	11987	4605
SPNT	4236			1196		-62088	7664789			2			
VELF	4236		0	4061	1495	4209	1550	4316	1630	4545	1790	4923	2090
VELF	4236		0	5084	2180	5279	2430	5542	2675	5778	2855	6131	3108
VELF	4236		0	6646	3285	7333	3505	8519	3875	9690	4160	10788	4355
VELF	4236		0	11993	4545								
SPNT	4316			1223		-61317	7665424			2			
VELF	4316		0	3946	1495	4047	1505	4209	1665	4377	1780	4545	1885
VELF	4316		0	4768	2045	4944	2202	5354	2570	6034	2990	6879	3345
VELF	4316		0	8081	3750	8599	3880	9811	4165	10660	4315	11980	4520
SPNT	4396			1249		-60556	7666073			2			
VELF	4396		0	3838	1490	3946	1505	4061	1595	4195	1655	4374	1798
VELF	4396		0	4815	2200	5044	2370	5434	2720	5924	2978	6633	3260
VELF	4396		0	7663	3645	9300	4010	10343	4210	11987	4505		
SPNT	4476			1276		-59794	7666720			2			
VELF	4476		0	3714	1490	3818	1515	3919	1550	4141	1632	4694	2110
VELF	4476		0	4955	2325	5232	2578	5630	2865	6236	3135	7475	3560
VELF	4476		0	8808	3930	10175	4190	11980	4475				
SPNT	4556			1303		-59021	7667357			2			
VELF	4556		0	3623	1490	3763	1518	3859	1600	4207	1845	4620	2210
VELF	4556		0	4963	2440	5177	2562	5556	2790	5886	2950	6727	3290
VELF	4556		0	8020	3725	9199	4050	10694	4305	11993	4485		
SPNT	4636			1329		-58262	7668006			2			
VELF	4636		0	3529	1490	3717	1545	3838	1675	3955	1778	4091	1862
VELF	4636		0	4276	1965	4519	2145	4882	2435	5071	2585	5601	2868
VELF	4636		0	6067	3095	6875	3400	7811	3670	8875	3970	9946	4185
VELF	4636		0	10909	4340	11993	4485						
SPNT	4716			1356		-57506	7668661			2			
VELF	4716		0	3441	1490	3515	1500	3643	1590	3832	1780	4054	1925
VELF	4716		0	4343	2148	4801	2390	5333	2720	5973	3070	6862	3465
VELF	4716		0	8101	3835	8848	4060	9744	4240	11987	4565		
SPNT	4796			1383		-56736	7669298			2			
VELF	4796		0	3367	1490	3522	1540	3623	1615	3798	1835	4108	2095
VELF	4796		0	4525	2435	4707	2548	5394	2880	6108	3220	6687	3470
VELF	4796		0	7562	3780	8694	4125	9475	4260	10391	4395	11983	4585
SPNT	4876			1409		-55968	7669939			2			
VELF	4876		0	3279	1490	3407	1530	3626	1665	3798	1870	4364	2380
VELF	4876		0	4848	2838	5192	3040	5710	3265	6620	3570	7623	3850
VELF	4876		0	8539	4085	9852	4310	10882	4460	11990	4605		
SPNT	4956			1436		-55205	7670585			2			
VELF	4956		0	3185	1490	3286	1515	3468	1645	3609	1790	3811	1935
VELF	4956		0	4141	2355	4500	2592	5111	3015	5542	3250	6512	3565
VELF	4956		0	7327	3815	8552	4145	9636	4320	10640	4450	11980	4600
SPNT	5036			1463		-54439	7671227			2			
VELF	5036		0	3098	1490	3219	1520	3333	1595	3448	1715	3724	1980
VELF	5036		0	4088	2260	4439	2565	4593	2695	4976	2940	5253	3128
VELF	5036		0	6451	3475	7542	3820	8485	4105	9805	4350	10707	4470
VELF	5036		0	12007	4610								
SPNT	5116			1489		-53670	7671868			2			
VELF	5116		0	3024	1490	3185	1530	3379	1632	3515	1832	3717	2038
VELF	5116		0	3970	2235	4343	2498	4636	2722	4949	2945	5571	3252
VELF	5116		0	6370	3475	7892	3925	9377	4250	10586	4435	11987	4595
SPNT	5196			1516		-52906	7672512			2			
VELF	5196		0	2936	1495	3044	1505	3178	1560	3306	1685	3480	1862
VELF	5196		0	3657	2052	3899	2325	4495	2802	5051	3105	5320	3245
VELF	5196		0	5677	3372	6350	3550	8128	4040	9077	4200	10229	4385
VELF	5196		0	11987	4605								
SPNT	5276			1543		-52145	7673163			2			
VELF	5276		0	2875	1490	2983	1540	3253	1785	3569	1985	3805	2115
VELF	5276		0	4175	2595	5003	3145	5791	3375	7030	3765	8835	4170
VELF	5276		0	10613	4435	11973	4605						
SPNT	5356			1569		-51374	7673799			2			
VELF	5356		0	2788	1490	2869	1505	3015	1582	3226	1745	3374	1865
VELF	5356		0	3818	2262	4047	2460	4535	2838	4956	3110	5609	3315
VELF	5356		0	6660	3635	7407	3830	8040	3970	9710	4285	10882	4455
VELF	5356		0	11973	4595								
SPNT	5436			1596		-50612	7674446			2			
VELF	5436		0	2714	1485	2862	1510	2970	1600	3162	1762	3428	2101
VELF	5436		0	3680	2270	4077	2595	4512	2795	4763	2965	4990	3095
VELF	5436		0	5535	3300	6242	3540	7232	3815	8973	4195	10747	4460
VELF	5436		0	11980	4610								
SPNT	5516			1623		-49852	7675097			2			
VELF	5516		0	2626	1490	2768	1550	2896	1645	3354	1955	3603	2185
VELF	5516		0	3987	2395	4290	2640	4680	2860	5152	3085	5495	3235
VELF	5516		0	6256	3525	6874	3742	7838	3990	9101	4225	10571	4448
VELF	5516		0	11990	4628								
SPNT	5596			1649		-49081	7675732			2			
VELF	5596		0	2586	1490	2687	1515	2828	1592	2965	1718	3152	1840
VELF	5596		0	3354	2082	3712	2312	3973	2445	4269	2530	4593	2735
VELF	5596		0	4936	2945	5801	3390	7125	3870	8835	4210	9712	4352
VELF	5596		0	10505	4460	11990	4650						
SPNT	5676			1676		-48303	7676363			2			
VELF	5676		0	2505	1490	2640	1540	2914	1715	3057	1840	3199	1960
VELF	5676		0	3401	2150	3525	2258	4101	2560	4823	2992	5508	3295
VELF	5676		0	6232	3592	6813	3788	7643	4020	8680	4220	10727	4522
VELF	5676		0	11980	4670								
SPNT	5756			1703		-47570	7677044			2			
VELF	5756		0	2418	1490	2545	1530	2680	1635	2808	1720	2970	1852
VELF	5756		0	3306	2140	3643	2310	4025	2575	4380	2835	4646	2962
VELF	5756		0	5125	3185	5556	3370	6118	3605	6828	3840	7811	4070
VELF	5756		0	8852	4245	10677	4515	11987	4670				
SPNT	5836			1729		-46803	7677683			2			
VELF	5836		0	2337	1490	2438	1510	2579	1600	2680	1710	2909	1860
VELF	5836		0	3318	2205	3864	2538	4411	2860	4838	3062	5731	3520
VELF	5836		0	6761	3815	8054	4135	9704	4385	10795	4530	11995	4688
SPNT	5916			1756		-46021	7678308			2			
VELF	5916		0	2269	1490	2377	1505	2478	1560	2646	1705	2875	1835
VELF	5916		0	3286	2180	3684	2475	4054	2675	4377	2845	4808	3042
VELF	5916		0	5384	3318	5919	3555	6465	3750	7071	3925	8027	4130
VELF	5916		0	9333	4325	10438	4470	11987	4670				
SPNT	5996			1783		-45256	7678953			2			
VELF	5996		0	2229	1490	2404	1535	2525	1610	2714	1755	2848	1845
VELF	5996		0	3077	2025	3286	2215	3455	2332	3657	2465	3980	2705
VELF	5996		0	4411	2935	4815	3140	5084	3265	5657	3490	6869	3860
VELF	5996		0	7562	4040	8586	4220	9865	4395	10909	4535	11990	4672
SPNT	6076			1809		-44496	7679602			2			
VELF	6076		0	2182	1490	2310	1515	2439	1612	2620	1670	2727	1740
VELF	6076		0	2943	1980	3104	2120	3434	2340	3805	2490	4128	2760
VELF	6076		0	4700	3030	5253	3305	6646	3755	7879	4055	9044	4265
VELF	6076		0	10788	4500	11980	4630						
SPNT	6156			1836		-43751	7680266			2			
VELF	6156		0	2128	1490	2249	1500	2364	1555	2599	1675	2828	1855
VELF	6156		0	3084	2065	3419	2355	3980	2670	4364	2905	4902	3160
VELF	6156		0	5172	3305	5906	3570	6983	3900	8081	4100	8976	4245
VELF	6156		0	10431	4460	11993	4655						
SPNT	6236			1863		-42954	7680877			2			
VELF	6236		0	2067	1490	2189	1510	2337	1555	2485	1620	2646	1732
VELF	6236		0	2828	1865	3091	2030	3273	2150	3616	2345	3788	2442
VELF	6236		0	4242	2765	5152	3260	5946	3555	6983	3860	7926	4060
VELF	6236		0	9239	4270	10337	4435	12000	4650				
SPNT	6316			1889		-42213	7681546			2			
VELF	6316		0	2034	1490	2141	1505	2249	1530	2418	1600	2646	1725
VELF	6316		0	2835	1820	2970	1940	3192	2140	3611	2405	3886	2570
VELF	6316		0	4081	2695	4613	2965	4909	3105	5414	3325	5980	3525
VELF	6316		0	7205	3865	8330	4110	9239	4255	10519	4445	12013	4635
SPNT	6396			1916		-41450	7682194			2			
VELF	6396		0	1993	1490	2168	1520	2377	1590	2572	1700	2764	1810
VELF	6396		0	2970	1935	3104	2025	3384	2208	3692	2412	4005	2608
VELF	6396		0	4449	2905	5017	3120	5468	3345	6384	3630	7758	3965
VELF	6396		0	8700	4160	9825	4330	11987	4620				
SPNT	6476			1943		-40667	7682819			2			
VELF	6476		0	1933	1490	2067	1500	2202	1525	2424	1600	2727	1762
VELF	6476		0	2848	1825	2983	1905	3185	2040	3323	2112	3589	2205
VELF	6476		0	4094	2515	4633	2930	5165	3285	6364	3645	7279	3875
VELF	6476		0	8330	4090	8923	4210	9852	4360	10795	4485	11987	4635
SPNT	6556			1969		-39908	7683469			2			
VELF	6556		0	1939	1490	2081	1505	2256	1550	2485	1645	2795	1795
VELF	6556		0	2970	1895	3185	1995	3387	2120	3630	2265	4094	2565
VELF	6556		0	4296	2715	4505	2865	5212	3250	5987	3515	6687	3675
VELF	6556		0	8141	4045	9401	4300	10680	4485	12000	4645		
SPNT	6636			1996		-39153	7684124			2			
VELF	6636		0	1919	1490	2094	1520	2283	1565	2458	1630	2801	1805
VELF	6636		0	3010	1905	3172	1985	3439	2205	3623	2350	4121	2680
VELF	6636		0	4303	2800	5125	3165	5623	3385	6687	3695	7348	3862
VELF	6636		0	8815	4190	10391	4445	11980	4640				
SPNT	6716			2023		-38379	7684759			2			
VELF	6716		0	1879	1495	2108	1520	2215	1555	2384	1605	2559	1685
VELF	6716		0	2842	1825	2949	1895	3380	2120	3652	2285	4135	2565
VELF	6716		0	4323	2680	4822	2955	5246	3070	5623	3185	6559	3645
VELF	6716		0	7529	3920	8936	4220	10343	4440	11980	4640		
SPNT	6796			2049		-37614	7685405			2			
VELF	6796		0	1879	1495	1987	1505	2114	1525	2283	1575	2500	1648
VELF	6796		0	2783	1795	3017	1935	3354	2085	3670	2290	4034	2520
VELF	6796		0	4236	2645	4579	2830	5293	3110	5823	3342	6754	3690
VELF	6796		0	8545	4130	9899	4385	11993	4655				
SPNT	6876			2076		-36853	7686049			2			
VELF	6876		0	1852	1495	2076	1512	2357	1582	2512	1630	2822	1760
VELF	6876		0	2975	1838	3293	2058	3481	2145	3697	2245	3894	2392
VELF	6876		0	4101	2515	4460	2752	4862	2970	5360	3155	5737	3340
VELF	6876		0	6209	3515	6774	3720	7663	3950	9003	4245	10242	4435
VELF	6876		0	11973	4650								
SPNT	6956			2103		-36099	7686707			2			
VELF	6956		0	1845	1495	2013	1510	2182	1525	2418	1600	2586	1645
VELF	6956		0	2754	1740	2944	1835	3091	1920	3384	2108	3753	2328
VELF	6956		0	3946	2450	4397	2700	4889	2960	5488	3270	5852	3530
VELF	6956		0	6721	3745	8391	4110	9690	4345	11973	4665		
SPNT	7036			2129		-35331	7687347			2			
VELF	7036		0	1818	1495	1980	1510	2101	1520	2343	1558	2606	1645
VELF	7036		0	2727	1705	2875	1755	3077	1855	3212	1922	3399	2048
VELF	7036		0	3609	2180	3758	2275	3973	2390	4449	2745	4781	2940
VELF	7036		0	5165	3115	5535	3275	5832	3440	6283	3580	7717	3960
VELF	7036		0	8815	4200	10249	4430	11987	4675				
SPNT	7116			2156		-34558	7687984			2			
VELF	7116		0	1825	1495	2000	1510	2182	1535	2354	1562	2545	1620
VELF	7116		0	2795	1705	3152	1885	3481	2095	3764	2295	3919	2380
VELF	7116		0	4168	2555	4561	2872	4761	3005	5522	3370	6094	3545
VELF	7116		0	7010	3790	8034	4035	9064	4240	10525	4480	11993	4680
SPNT	7196			2183		-33799	7688634			2			
VELF	7196		0	1832	1495	1987	1515	2114	1535	2330	1555	2552	1615
VELF	7196		0	2734	1680	3017	1815	3219	1930	3502	2105	3865	2315
VELF	7196		0	4081	2440	4492	2630	4943	2860	5475	3180	5623	3235
VELF	7196		0	6155	3385	7165	3695	7838	3855	8983	4070	10384	4315
VELF	7196		0	11993	4525								
SPNT	7276			2209		-33030	7689273			2			
VELF	7276		0	1832	1495	2015	1515	2168	1535	2338	1568	2556	1608
VELF	7276		0	2882	1720	3158	1855	3429	2035	3872	2300	4076	2432
VELF	7276		0	4229	2525	4444	2650	4875	2880	5609	3300	6242	3475
VELF	7276		0	6882	3630	7859	3845	9098	4100	10121	4270	11980	4530
SPNT	7356			2236		-32269	7689923			2			
VELF	7356		0	1845	1495	1995	1505	2155	1530	2478	1585	2721	1660
VELF	7356		0	2943	1750	3226	1900	3428	2010	3657	2175	3892	2315
VELF	7356		0	4237	2512	4439	2638	4833	2858	5138	3040	5549	3260
VELF	7356		0	6148	3440	6842	3655	8155	3930	9017	4100	10653	4355
VELF	7356		0	11980	4540								
SPNT	7436			2263		-31505	7690567			2			
VELF	7436		0	1859	1495	2047	1510	2263	1545	2532	1590	2768	1670
VELF	7436		0	2970	1745	3226	1865	3414	1975	3697	2160	4061	2370
VELF	7436		0	4429	2675	4835	2940	5535	3300	6146	3402	6783	3588
VELF	7436		0	8889	4065	10768	4365	11987	4550				
SPNT	7516			2289		-30745	7691218			2			
VELF	7516		0	1865	1495	2047	1510	2209	1535	2458	1580	2714	1640
VELF	7516		0	2923	1725	3077	1790	3300	1930	3542	2085	3902	2250
VELF	7516		0	4114	2380	4438	2685	4896	2935	5448	3120	5798	3275
VELF	7516		0	6162	3372	6788	3565	7690	3760	8902	4030	10875	4360
VELF	7516		0	11987	4530								
SPNT	7596			2316		-29974	7691856			2			
VELF	7596		0	1865	1495	2020	1505	2215	1535	2500	1582	2707	1640
VELF	7596		0	2916	1715	3145	1840	3320	1945	3589	2100	3919	2295
VELF	7596		0	4249	2560	4545	2740	4889	2920	5576	3175	5852	3265
VELF	7596		0	6944	3488	7589	3675	8465	3935	9636	4160	10626	4335
VELF	7596		0	11987	4530								
SPNT	7676			2343		-29215	7692505			2			
VELF	7676		0	1865	1495	1980	1498	2118	1515	2249	1540	2411	1565
VELF	7676		0	2754	1655	2956	1730	3253	1895	3576	2080	3791	2235
VELF	7676		0	4121	2405	4444	2625	4929	2900	5226	3025	5609	3085
VELF	7676		0	5939	3225	6997	3465	7919	3745	8640	3960	10047	4235
VELF	7676		0	11980	4520								
SPNT	7756			2369		-28449	7693148			2			
VELF	7756		0	1879	1495	1985	1508	2168	1530	2397	1565	2700	1640
VELF	7756		0	2882	1705	3098	1800	3293	1905	3520	2065	3818	2260
VELF	7756		0	4168	2455	4498	2670	4680	2780	4976	2925	5152	3005
VELF	7756		0	5495	3128	5845	3190	6236	3260	7131	3500	8106	3762
VELF	7756		0	9226	4035	10601	4305	11993	4510				
SPNT	7836			2396		-27681	7693791			2			
VELF	7836		0	1886	1495	2010	1508	2155	1530	2370	1560	2525	1585
VELF	7836		0	2741	1660	2909	1715	3178	1850	3374	1965	3641	2178
VELF	7836		0	3899	2285	4397	2495	4673	2725	5010	2925	5449	3062
VELF	7836		0	6293	3248	7010	3420	8094	3705	8808	3925	9811	4160
VELF	7836		0	11973	4510								
SPNT	7916			2423		-26919	7694437			2			
VELF	7916		0	1886	1495	2114	1515	2276	1545	2451	1580	2747	1640
VELF	7916		0	2916	1710	3253	1852	3549	2015	3697	2090	4128	2390
VELF	7916		0	4397	2535	4916	2885	5758	3145	6354	3308	6934	3465
VELF	7916		0	7955	3732	8956	3975	10269	4245	11980	4545		
SPNT	7996			2449		-26158	7695086			2			
VELF	7996		0	1899	1495	2135	1520	2411	1565	2640	1615	2902	1700
VELF	7996		0	3199	1820	3350	1905	3535	2010	3768	2145	3973	2275
VELF	7996		0	4465	2555	4902	2850	5684	3185	6397	3350	7145	3540
VELF	7996		0	8512	3900	9414	4100	10714	4340	11973	4550		
SPNT	8076			2476		-25389	7695728			2			
VELF	8076		0	1892	1495	2094	1515	2303	1540	2633	1615	2808	1675
VELF	8076		0	3138	1820	3542	2045	3798	2205	4121	2385	4532	2670
VELF	8076		0	4943	2935	5818	3155	6444	3320	7172	3505	7636	3630
VELF	8076		0	8256	3805	9758	4128	11980	4550				
SPNT	8156			2503		-24626	7696373			2			
VELF	8156		0	1906	1495	2108	1515	2249	1545	2552	1590	2822	1670
VELF	8156		0	3044	1765	3239	1855	3455	1985	3710	2135	3993	2305
VELF	8156		0	4155	2410	4552	2635	4963	2910	5609	3085	6512	3250
VELF	8156		0	7239	3415	8034	3675	9320	3965	11993	4500		
SPNT	8236			2529		-23868	7697025			2			
VELF	8236		0	1906	1495	2081	1505	2269	1550	2458	1585	2667	1630
VELF	8236		0	2862	1685	3118	1795	3306	1905	3529	2020	3690	2135
VELF	8236		0	3980	2285	4168	2425	4631	2685	4936	2825	5582	3015
VELF	8236		0	6061	3120	6478	3220	7394	3455	8465	3755	9562	4020
VELF	8236		0	10552	4215	11990	4462						
SPNT	8316			2556		-23099	7697664			2			
VELF	8316		0	1899	1495	2215	1540	2478	1590	2680	1640	2882	1690
VELF	8316		0	3084	1775	3239	1845	3455	1960	3643	2035	4148	2365
VELF	8316		0	4640	2570	5010	2775	5838	3045	6485	3225	8094	3630
VELF	8316		0	9704	4045	11990	4440						
SPNT	8396			2583		-22337	7698310			2			
VELF	8396		0	1912	1495	2111	1518	2242	1540	2613	1630	2869	1690
VELF	8396		0	3111	1810	3239	1905	3481	2045	3808	2232	4146	2415
VELF	8396		0	4640	2715	5239	2940	5859	3100	7152	3520	8146	3778
VELF	8396		0	10525	4245	11980	4480						
SPNT	8476			2609		-21574	7698957			2			
VELF	8476		0	1899	1495	2059	1514	2215	1534	2377	1560	2559	1605
VELF	8476		0	2721	1645	2902	1695	3138	1800	3347	1940	3481	2020
VELF	8476		0	3731	2210	4148	2435	4660	2700	5024	2850	5643	3055
VELF	8476		0	6040	3172	7360	3575	8593	3875	9646	4085	10835	4285
VELF	8476		0	11987	4470								
SPNT	8556			2636		-20805	7699598			2			
VELF	8556		0	1899	1495	2111	1518	2249	1535	2411	1560	2540	1595
VELF	8556		0	2862	1680	3125	1770	3300	1880	3682	2135	3993	2290
VELF	8556		0	4162	2405	4601	2682	5684	3080	6054	3185	7030	3460
VELF	8556		0	8209	3750	9934	4115	10626	4252	11995	4452		
SPNT	8636			2663		-20044	77245			2			
VELF	8636		0	1892	1495	2000	1505	2125	1520	2276	1545	2431	1575
VELF	8636		0	2721	1635	2909	1680	3131	1780	3394	1925	3535	2005
VELF	8636		0	3690	2105	4101	2350	4532	2615	5025	2845	5687	3108
VELF	8636		0	6013	3215	6545	3365	7167	3538	8343	3760	9359	4008
VELF	8636		0	10411	4200	11973	4445						
SPNT	8716			2689		-19274	77885			2			
VELF	8716		0	1886	1495	2121	1520	2296	1555	2418	1570	2694	1630
VELF	8716		0	2902	1685	3152	1808	3542	2020	4101	2370	4333	2518
VELF	8716		0	4535	2632	5010	2905	5327	2985	6013	3120	6944	3372
VELF	8716		0	8157	3692	9212	3928	10094	4125	12000	4442		
SPNT	8796			2716		-18517	771538			2			
VELF	8796		0	1886	1495	2148	1520	2249	1550	2377	1575	2539	1615
VELF	8796		0	2700	1650	2882	1700	3106	1792	3253	1862	3407	1935
VELF	8796		0	3684	2115	3966	2280	4155	2395	4278	2482	4525	2622
VELF	8796		0	5064	2870	5650	3035	6040	3140	6485	3245	6997	3355
VELF	8796		0	8157	3655	9387	3970	10498	4205	11976	4440		
SPNT	8876			2743		-17750	772180			2			
VELF	8876		0	1865	1495	2056	1508	2328	1572	2540	1615	2714	1645
VELF	8876		0	2909	1710	3104	1790	3582	2045	3852	2200	4114	2365
VELF	8876		0	4357	2510	4694	2675	5328	2965	5751	3100	6027	3165
VELF	8876		0	7199	3460	8121	3695	9024	3905	10101	4130	11987	4465
SPNT	8956			2769		-16983	772820			2			
VELF	8956		0	1859	1495	2088	1510	2316	1575	2572	1615	2902	1715
VELF	8956		0	3165	1820	3401	1955	3663	2100	3825	2170	4128	2390
VELF	8956		0	4290	2480	4532	2605	4882	2750	5165	2880	5663	3045
VELF	8956		0	6013	3135	6364	3225	7354	3445	8498	3760	9717	4030
VELF	8956		0	11976	4445								
SPNT	9036			2796		-16224	773470			2			
VELF	9036		0	1859	1495	2101	1515	2310	1575	2471	1605	2855	1700
VELF	9036		0	3145	1815	3394	1975	3704	2135	4141	2418	4545	2705
VELF	9036		0	4835	2800	5710	3010	6007	3110	6859	3345	7596	3572
VELF	9036		0	9258	3965	10672	4238	11993	4445				
SPNT	9116			2823		-15462	774118			2			
VELF	9116		0	1859	1495	2054	1510	2229	1550	2377	1595	2707	1665
VELF	9116		0	2963	1735	3118	1800	3286	1895	3495	1990	3838	2190
VELF	9116		0	4168	2405	4513	2560	4761	2715	5125	2900	5805	3180
VELF	9116		0	6162	3270	6653	3400	7342	3580	8256	3750	9616	4045
VELF	9116		0	11976	4453								
SPNT	9196			2849		-14692	774757			2			
VELF	9196		0	1865	1495	2054	1510	2263	1560	2424	1620	2680	1660
VELF	9196		0	2955	1752	3152	1835	3461	1980	3731	2100	4088	2350
VELF	9196		0	4532	2550	5141	2895	5798	3160	6525	3320	7323	3558
VELF	9196		0	8323	3795	9859	4120	10909	4295	12000	4458		
SPNT	9276			2876		-13929	775404			2			
VELF	9276		0	1879	1500	2067	1510	2242	1550	2418	1620	2633	1655
VELF	9276		0	2835	1705	3044	1780	3407	1950	3663	2100	4121	2402
VELF	9276		0	4438	2575	4904	2805	5308	2968	5763	3158	6963	3450
VELF	9276		0	7630	3635	9024	3975	9582	4095	10431	4250	11966	4460
SPNT	9356			2903		-13167	776051			2			
VELF	9356		0	1886	1495	2066	1505	2242	1545	2370	1605	2798	1705
VELF	9356		0	3131	1815	3374	1940	3657	2105	3960	2280	4249	2455
VELF	9356		0	4741	2745	5226	2945	5643	3090	6162	3260	7279	3510
VELF	9356		0	9106	3998	9667	4128	10694	4315	11993	4505		
SPNT	9436			2929		-12403	776696			2			
VELF	9436		0	1872	1495	2025	1502	2236	1540	2419	1628	2599	1650
VELF	9436		0	2902	1735	3111	1810	3306	1895	3461	1980	3677	2080
VELF	9436		0	4000	2350	4215	2490	4530	2655	4902	2830	5347	3025
VELF	9436		0	5670	3150	6242	3320	6828	3485	7621	3695	9086	4025
VELF	9436		0	10737	4338	12000	4525						
SPNT	9516			2956		-11643	777345			2			
VELF	9516		0	1865	1495	1990	1498	2121	1515	2269	1560	2444	1630
VELF	9516		0	2667	1665	2842	1735	3138	1835	3374	1955	3623	2065
VELF	9516		0	3811	2185	3973	2310	4276	2440	4559	2660	4916	2800
VELF	9516		0	5247	2955	5690	3150	6189	3330	7239	3555	7912	3700
VELF	9516		0	9030	4010	10215	4245	11985	4545				
SPNT	9596			2983		-10881	777994			2			
VELF	9596		0	1859	1495	2094	1515	2249	1555	2411	1620	2559	1655
VELF	9596		0	2848	1740	3165	1850	3360	1935	3704	2160	4094	2385
VELF	9596		0	4694	2735	5246	2940	5522	3025	6128	3250	7384	3625
VELF	9596		0	7939	3815	8694	4025	10047	4285	11993	4595		
SPNT	9676			3009		-10112	778633			2			
VELF	9676		0	1859	1495	2056	1512	2215	1540	2419	1638	2646	1690
VELF	9676		0	3024	1810	3421	1985	3684	2125	4071	2372	4384	2600
VELF	9676		0	4680	2760	5480	3065	6074	3260	6970	3535	8640	4015
VELF	9676		0	9259	4140	10283	4325	11993	4615				
SPNT	9756			3036		-9352	779284			2			
VELF	9756		0	1852	1495	2020	1505	2229	1550	2397	1630	2593	1670
VELF	9756		0	2741	1715	2916	1760	3138	1845	3360	1950	3670	2125
VELF	9756		0	3960	2245	4148	2380	4354	2510	4665	2705	5226	2990
VELF	9756		0	6020	3300	7003	3590	8539	3995	9562	4215	10754	4430
VELF	9756		0	11993	4610								
SPNT	9836			3063		-8586	779926			2			
VELF	9836		0	1845	1495	2000	1508	2175	1535	2391	1615	2727	1700
VELF	9836		0	3044	1805	3232	1895	3508	2070	3811	2235	4114	2385
VELF	9836		0	4667	2720	4963	2885	5448	3075	6316	3380	7394	3638
VELF	9836		0	8532	3935	10283	4325	11993	4605				
SPNT	9916			3089		-7818	7710567			2			
VELF	9916		0	1838	1495	2020	1505	2155	1535	2364	1610	2626	1675
VELF	9916		0	2896	1755	3145	1845	3475	2035	3832	2205	4141	2405
VELF	9916		0	4660	2755	5320	3030	5589	3130	6485	3410	8086	3795
VELF	9916		0	9056	4095	9944	4258	11980	4585				
SPNT	9996			3116		-7061	7711220			2			
VELF	9996		0	1838	1495	2035	1508	2350	1605	2525	1660	2737	1705
VELF	9996		0	3126	1855	3441	2010	3677	2140	4111	2448	4431	2625
VELF	9996		0	5091	2935	5616	3160	6269	3410	6828	3580	7286	3700
VELF	9996		0	8101	3910	9529	4230	10700	4420	11987	4605		
SPNT	10076			3143		-6296	7711865			2			
VELF	10076		0	1832	1495	2054	1515	2236	1565	2359	1615	2532	1655
VELF	10076		0	2754	1705	3044	1810	3367	1950	3684	2120	3906	2250
VELF	10076		0	4081	2355	4256	2445	4673	2705	5131	2915	6128	3185
VELF	10076		0	6815	3380	8020	3805	9354	4145	10532	4370	11987	4590
SPNT	10156			3169		-5531	7712509			2			
VELF	10156		0	1818	1495	2013	1515	2189	1560	2316	1610	2545	1650
VELF	10156		0	2714	1695	2909	1765	3158	1880	3401	1985	3710	2135
VELF	10156		0	3980	2295	4458	2585	5064	2865	6202	3180	7529	3455
VELF	10156		0	8545	3810	10067	4260	11995	4585				
SPNT	10236			3196		-4769	7713156			2			
VELF	10236		0	1818	1495	2094	1520	2357	1620	2552	1650	2875	1735
VELF	10236		0	3145	1865	3498	2060	3845	2240	4152	2402	4357	2535
VELF	10236		0	5118	2875	6236	3140	7481	3505	8641	3872	10519	4295
VELF	10236		0	12000	4565								
SPNT	10316			3223		-3996	7713791			2			
VELF	10316		0	1818	1495	2054	1520	2263	1585	2478	1635	2660	1685
VELF	10316		0	3111	1848	3428	2020	3828	2245	4175	2460	4579	2695
VELF	10316		0	5077	2975	6236	3340	6700	3435	7347	3555	8269	3795
VELF	10316		0	9165	4020	10391	4295	12000	4598				
SPNT	10396			3249		-3244	7714451			2			
VELF	10396		0	1818	1495	2034	1520	2253	1582	2431	1595	2566	1642
VELF	10396		0	2815	1725	3098	1835	3293	1915	3495	2025	3690	2110
VELF	10396		0	4020	2340	4549	2660	5232	3090	6111	3315	6869	3495
VELF	10396		0	8263	3840	9399	4122	10572	4350	11993	4610		
SPNT	10476			3276		-2478	7715093			2			
VELF	10476		0	1825	1495	2088	1525	2249	1575	2471	1620	2662	1675
VELF	10476		0	2914	1772	3118	1860	3354	1985	3609	2115	3899	2270
VELF	10476		0	4532	2595	5172	2885	6061	3110	6795	3345	8148	3825
VELF	10476		0	9401	4125	10795	4410	11985	4628				
SPNT	10556			3303		-1713	7715738			2			
VELF	10556		0	1825	1495	2000	1510	2101	1530	2256	1580	2411	1620
VELF	10556		0	2667	1660	2848	1735	3091	1835	3434	2015	3785	2185
VELF	10556		0	4074	2360	4364	2558	4822	2745	5268	2958	6114	3130
VELF	10556		0	6667	3310	7111	3450	8515	3902	9461	4110	10599	4335
VELF	10556		0	11973	4590								
SPNT	10636			3329		-944	7716378			2			
VELF	10636		0	1811	1495	2013	1510	2141	1540	2269	1590	2438	1620
VELF	10636		0	2657	1668	2949	1790	3125	1865	3448	2020	3657	2140
VELF	10636		0	4128	2415	4357	2525	4822	2765	5226	2915	5475	3010
VELF	10636		0	5899	3160	6391	3295	7071	3485	7589	3675	8222	3860
VELF	10636		0	9118	4045	10249	4275	11980	4585				
SPNT	10716			3356		-183	7717025			2			
VELF	10716		0	1811	1495	1833	1495	2000	1510	2121	1535	2242	1585
VELF	10716		0	2397	1620	2653	1665	2808	1710	2902	1765	3219	1895
VELF	10716		0	3421	2000	3731	2120	3899	2215	4088	2395	4803	2772
VELF	10716		0	5273	2965	6232	3302	8094	3815	9441	4155	10599	4375
VELF	10716		0	11987	4605								
SPNT	10796			3383		579	7717673			2			
VELF	10796		0	1805	1495	2081	1520	2236	1580	2465	1630	2606	1660
VELF	10796		0	2899	1765	3205	1895	3562	2095	3737	2155	4128	2420
VELF	10796		0	4478	2600	4721	2740	5279	2915	6177	3165	7121	3512
VELF	10796		0	8074	3810	9286	4115	10512	4360	11995	4608		
SPNT	10876			3409		1346	7718314			2			
VELF	10876		0	1798	1495	2088	1530	2249	1595	2498	1625	2687	1685
VELF	10876		0	2875	1740	3192	1905	3421	2015	3616	2110	3852	2220
VELF	10876		0	4094	2400	4828	2790	5226	2995	6168	3205	7354	3620
VELF	10876		0	8212	3878	8672	3988	9879	4225	11987	4585		
SPNT	10956			3436		2111	7718959			2			
VELF	10956		0	1791	1495	1818	1498	2088	1530	2229	1585	2495	1638
VELF	10956		0	2687	1680	2909	1780	3157	1898	3424	2052	3778	2208
VELF	10956		0	3993	2360	4249	2490	4593	2645	4963	2780	5347	2965
VELF	10956		0	6237	3288	7662	3758	8795	4050	9677	4225	10936	4440
VELF	10956		0	12000	4598								
SPNT	11036			3463		2874	7719607			2			
VELF	11036		0	1791	1495	1966	1515	2114	1545	2215	1585	2391	1615
VELF	11036		0	2525	1645	2705	1699	2965	1798	3138	1875	3374	2010
VELF	11036		0	3576	2100	3798	2225	4121	2425	4458	2575	5259	2940
VELF	11036		0	6136	3265	7266	3545	8114	3805	9320	4135	10273	4318
VELF	11036		0	11966	4595								
SPNT	11116			3489		3639	7720248			2			
VELF	11116		0	1785	1495	2074	1530	2212	1582	2333	1605	2687	1695
VELF	11116		0	3025	1845	3207	1948	3434	2062	3710	2190	4114	2425
VELF	11116		0	5192	2935	5953	3150	6970	3465	7643	3660	8485	3865
VELF	11116		0	9152	4055	10108	4275	11980	4600				
SPNT	11196			3516		4400	7720898			2			
VELF	11196		0	1771	1495	1949	1505	2076	1535	2227	1598	2444	1635
VELF	11196		0	2680	1685	2842	1750	3017	1830	3205	1915	3461	2045
VELF	11196		0	3785	2220	4114	2435	4505	2660	4741	2775	5232	3015
VELF	11196		0	5985	3218	7010	3490	8512	3885	9732	4235	10754	4405
VELF	11196		0	12000	4600								
SPNT	11276			3543		5175	7721533			2			
VELF	11276		0	1771	1495	2030	1525	2209	1590	2505	1652	2828	1750
VELF	11276		0	3035	1852	3187	1925	3449	2065	3710	2175	4074	2405
VELF	11276		0	4465	2650	5172	2945	6040	3245	6842	3465	8040	3750
VELF	11276		0	9239	4080	10566	4355	12000	4592				
SPNT	11356			3569		5933	7722183			2			
VELF	11356		0	1764	1495	2017	1522	2222	1598	2411	1625	2646	1680
VELF	11356		0	2909	1775	3253	1965	3468	2080	3791	2270	4106	2452
VELF	11356		0	4369	2645	4835	2865	5165	2985	5657	3115	6662	3428
VELF	11356		0	7354	3610	9199	4105	10209	4315	11980	4605		
SPNT	11436			3596		6682	7722845			2			
VELF	11436		0	1751	1495	1939	1510	2067	1535	2189	1585	2323	1615
VELF	11436		0	2545	1660	2687	1695	2835	1740	3064	1850	3259	1960
VELF	11436		0	3515	2125	3865	2345	4088	2475	4515	2682	5246	2990
VELF	11436		0	5966	3230	7084	3490	8202	3835	9266	4110	10606	4380
VELF	11436		0	11995	4602								
SPNT	11516			3623		7460	7723475			2			
VELF	11516		0	1751	1495	1965	1505	2182	1585	2293	1612	2512	1655
VELF	11516		0	2835	1755	3037	1850	3279	1990	3495	2110	3704	2220
VELF	11516		0	4101	2480	4510	2745	5293	3010	5966	3230	6712	3405
VELF	11516		0	6980	3478	8956	4025	9724	4205	10976	4440	11987	4595
SPNT	11596			3649		8225	7724118			2			
VELF	11596		0	1731	1495	1859	1502	2051	1535	2189	1590	2364	1615
VELF	11596		0	2512	1665	2818	1765	3199	1935	3441	2065	3791	2215
VELF	11596		0	4054	2420	4276	2565	4803	2818	5313	3025	6030	3298
VELF	11596		0	6944	3505	7764	3710	8768	3960	10310	4315	12007	4595
SPNT	11676			3676		8987	7724766			2			
VELF	11676		0	1737	1495	1999	1520	2195	1595	2418	1640	2640	1695
VELF	11676		0	2806	1765	3024	1865	3178	1955	3448	2110	3684	2195
VELF	11676		0	3946	2365	4101	2500	4510	2748	5278	3098	6175	3335
VELF	11676		0	7783	3748	8667	3978	9697	4215	11993	4600		
SPNT	11756			3703		9756	7725405			2			
VELF	11756		0	1724	1495	1906	1515	2034	1535	2168	1590	2389	1625
VELF	11756		0	2515	1668	2815	1770	3044	1875	3199	1970	3421	2115
VELF	11756		0	3690	2230	4020	2415	4478	2715	4722	2838	5273	3035
VELF	11756		0	6217	3282	7717	3745	8611	3952	9650	4175	10813	4395
VELF	11756		0	11990	4575								
SPNT	11836			3729		10518	7726052			2			
VELF	11836		0	1697	1495	1892	1510	2047	1550	2168	1600	2444	1638
VELF	11836		0	2714	1745	3057	1890	3253	2010	3444	2108	3811	2295
VELF	11836		0	4162	2488	4572	2750	5145	3030	6308	3352	6618	3455
VELF	11836		0	7919	3812	8566	3968	9650	4245	10747	4425	11980	4600
SPNT	11916			3756		11271	7726712			2			
VELF	11916		0	1684	1495	1793	1505	1955	1528	2126	1598	2465	1665
VELF	11916		0	2798	1808	3232	2000	3515	2155	3771	2260	4155	2480
VELF	11916		0	4404	2615	4741	2865	5253	3075	5657	3165	6434	3365
VELF	11916		0	7379	3648	8168	3880	9662	4278	10774	4460	11980	4625
SPNT	11996			3783		12045	7727344			2			
VELF	11996		0	1663	1495	1832	1510	1946	1535	2114	1595	2343	1655
VELF	11996		0	2552	1705	2781	1785	3010	1895	3239	2030	3481	2190
VELF	11996		0	3758	2280	4088	2545	4316	2615	4646	2765	5118	2970
VELF	11996		0	5441	3085	6323	3325	7086	3552	7818	3775	9212	4122
VELF	11996		0	10343	4352	11980	4595						
SPNT	12076			3809		12801	7727998			2			
VELF	12076		0	1667	1498	1803	1512	1946	1540	2114	1605	2458	1670
VELF	12076		0	2680	1760	3030	1930	3258	2075	3529	2195	3731	2270
VELF	12076		0	4197	2612	4485	2760	5111	3010	5488	3085	6242	3285
VELF	12076		0	6929	3430	7697	3745	8862	4050	10268	4338	11980	4598
SPNT	12156			3836		13562	7728646			2			
VELF	12156		0	1630	1495	1818	1515	1946	1545	2101	1610	2343	1650
VELF	12156		0	2741	1795	3020	1938	3199	2050	3441	2140	3764	2320
VELF	12156		0	3966	2415	4431	2730	4707	2840	5091	2960	5481	3075
VELF	12156		0	6030	3235	6936	3460	7710	3700	8667	3990	9697	4225
VELF	12156		0	10808	4410	11983	4585						
SPNT	12236			3863		14323	7729295			2			
VELF	12236		0	1623	1495	1899	1535	2086	1612	2293	1648	2741	1815
VELF	12236		0	2997	1935	3202	2065	3461	2220	3747	2372	4040	2555
VELF	12236		0	4525	2840	5045	3038	5475	3158	6061	3280	6949	3550
VELF	12236		0	8182	3875	9253	4120	10175	4290	11985	4558		
SPNT	12316			3889		15094	7729932			2			
VELF	12316		0	1596	1495	1773	1518	1912	1550	2067	1615	2350	1660
VELF	12316		0	2505	1715	2673	1785	2828	1865	2973	1925	3226	2100
VELF	12316		0	3441	2220	3811	2400	4530	2775	4970	2960	5657	3182
VELF	12316		0	6633	3445	7071	3585	7744	3760	8734	4025	9899	4245
VELF	12316		0	11165	4440	11983	4545						
SPNT	12396			3916		15845	7730592			2			
VELF	12396		0	1569	1495	1758	1515	1899	1555	2074	1630	2290	1675
VELF	12396		0	2485	1730	2626	1798	2970	1955	3226	2105	3731	2325
VELF	12396		0	4101	2580	4997	2920	5684	3130	6047	3225	6902	3405
VELF	12396		0	7838	3720	8505	3935	9556	4165	10653	4330	11987	4510
SPNT	12476			3943		16613	7731233			2			
VELF	12476		0	1556	1495	1798	1520	1912	1565	2027	1620	2189	1665
VELF	12476		0	2404	1715	2673	1845	2936	1975	3199	2105	3428	2200
VELF	12476		0	3707	2350	3993	2485	4369	2718	4949	2900	5684	3155
VELF	12476		0	6034	3260	7091	3540	7764	3750	8714	4010	10222	4295
VELF	12476		0	11980	4525								
SPNT	12556			3969		17376	7731878			2			
VELF	12556		0	1535	1495	1771	1535	1912	1580	2047	1640	2269	1690
VELF	12556		0	2500	1765	2949	1985	3219	2125	3677	2375	4303	2645
VELF	12556		0	4997	3005	5646	3145	6128	3300	7338	3692	8924	4095
VELF	12556		0	10081	4290	11980	4542						
SPNT	12636			3996		18142	7732522			2			
VELF	12636		0	1515	1495	1690	1510	1852	1565	2047	1650	2222	1685
VELF	12636		0	2377	1735	2687	1862	2936	2000	3158	2120	3421	2250
VELF	12636		0	3690	2380	3966	2570	4303	2745	4498	2815	4997	3015
VELF	12636		0	5838	3248	6534	3445	7586	3785	9313	4165	10532	4355
VELF	12636		0	11973	4540								
SPNT	12716			4023		18909	7733163			2			
VELF	12716		0	1488	1495	1670	1510	1859	1570	2013	1650	2202	1685
VELF	12716		0	2384	1725	2795	1900	3145	2105	3360	2230	3650	2390
VELF	12716		0	3933	2570	4438	2795	5037	3050	5845	3300	6519	3475
VELF	12716		0	8054	3925	9960	4260	10939	4398	11995	4535		
SPNT	12796			4049		19660	7733822			2			
VELF	12796		0	1468	1495	1623	1505	1731	1530	1838	1565	2024	1655
VELF	12796		0	2296	1710	2626	1828	2835	1950	3138	2135	3641	2435
VELF	12796		0	3955	2575	4189	2725	4512	2875	5017	3095	5710	3255
VELF	12796		0	6114	3375	7222	3718	8879	4062	10000	4265	11973	4525
SPNT	12876			4076		20429	7734461			2			
VELF	12876		0	1455	1495	1576	1510	1710	1525	1825	1565	1993	1650
VELF	12876		0	2182	1690	2370	1745	2606	1845	2902	2000	3165	2160
VELF	12876		0	3455	2325	3939	2615	4364	2805	5051	3050	5556	3225
VELF	12876		0	6601	3538	8013	3880	9549	4175	10646	4358	12000	4522
SPNT	12956			4103		21189	7735110			2			
VELF	12956		0	1448	1495	1609	1515	1751	1555	1859	1590	1966	1650
VELF	12956		0	2283	1725	2569	1825	2788	1945	3101	2132	3320	2265
VELF	12956		0	3684	2465	3946	2615	4465	2875	5125	3155	5892	3375
VELF	12956		0	6956	3675	8620	4050	9987	4290	11980	4530		
SPNT	13036			4129		21951	7735759			2			
VELF	13036		0	1428	1495	1562	1510	1724	1550	1865	1600	1966	1655
VELF	13036		0	2141	1680	2290	1735	2599	1860	2923	2025	3118	2175
VELF	13036		0	3448	2370	3919	2590	4498	2840	5098	3025	6051	3382
VELF	13036		0	6864	3635	8061	3910	9569	4220	10761	4405	11980	4545
SPNT	13116			4156		22718	7736399			2			
VELF	13116		0	1424	1492	1556	1508	1682	1532	1818	1590	2020	1698
VELF	13116		0	2320	1735	2589	1835	2801	1960	3111	2150	3340	2320
VELF	13116		0	3663	2490	3934	2588	4323	2788	5086	3055	5449	3142
VELF	13116		0	6096	3375	7104	3705	8823	4105	9987	4305	11993	4560
SPNT	13196			4183		23481	7737047			2			
VELF	13196		0	1407	1495	1530	1512	1704	1550	1975	1665	2121	1705
VELF	13196		0	2296	1755	2636	1888	2896	2050	3131	2200	3313	2330
VELF	13196		0	3919	2625	4424	2815	5024	3030	5465	3195	6182	3442
VELF	13196		0	6566	3592	7798	3900	8599	4090	9704	4285	10788	4425
VELF	13196		0	11993	4560								
SPNT	13276			4209		24248	7737688			2			
VELF	13276		0	1401	1495	1581	1515	1737	1565	1939	1660	2128	1700
VELF	13276		0	2310	1745	2687	1920	2842	2010	3091	2205	3303	2348
VELF	13276		0	3636	2510	3926	2625	4343	2795	5020	3055	5650	3230
VELF	13276		0	6384	3445	7576	3840	8512	4055	9987	4315	10983	4445
VELF	13276		0	11987	4555								
SPNT	13356			4236		25004	7738342			2			
VELF	13356		0	1387	1495	1529	1510	1710	1555	1832	1610	1966	1680
VELF	13356		0	2269	1755	2641	1905	3077	2140	3279	2230	3582	2375
VELF	13356		0	3912	2600	4471	2830	5010	3020	5631	3218	6273	3438
VELF	13356		0	6914	3605	7980	3920	8896	4100	9727	4255	10646	4410
VELF	13356		0	11973	4590								
SPNT	13436			4263		25770	7738987			2			
VELF	13436		0	1374	1500	1581	1518	1737	1565	1946	1680	2249	1765
VELF	13436		0	2451	1830	2653	1915	2862	2035	3096	2195	3306	2310
VELF	13436		0	3609	2470	3865	2590	4101	2710	4990	2915	5616	3168
VELF	13436		0	6000	3265	6626	3410	7044	3565	8525	3940	9522	4165
VELF	13436		0	10682	4362	11997	4555						
SPNT	13516			4289		26546	7739617			2			
VELF	13516		0	1360	1500	1515	1515	1704	1565	1838	1630	1966	1700
VELF	13516		0	2222	1762	2572	1870	2842	2030	3111	2225	3286	2350
VELF	13516		0	3603	2520	3886	2670	4519	2890	4990	3070	5582	3190
VELF	13516		0	6114	3315	6700	3495	7630	3735	8896	4030	10229	4285
VELF	13516		0	11990	4538								
SPNT	13596			4316		27302	7740272			2			
VELF	13596		0	1347	1500	1515	1515	1684	1565	1886	1665	2034	1725
VELF	13596		0	2273	1775	2599	1905	3096	2232	3306	2360	3562	2500
VELF	13596		0	3899	2745	4333	2888	4990	3065	5636	3290	6182	3470
VELF	13596		0	7131	3695	8215	3920	9562	4185	10781	4390	11973	4560
SPNT	13676			4343		28068	7740914			2			
VELF	13676		0	1313	1495	1508	1515	1670	1565	1912	1685	2081	1730
VELF	13676		0	2290	1775	2606	1920	3111	2220	3313	2340	3616	2520
VELF	13676		0	3879	2645	4337	2850	5003	3100	5502	3240	6135	3390
VELF	13676		0	6848	3605	8237	3942	9914	4248	11980	4565		
SPNT	13756			4369		28832	7741559			2			
VELF	13756		0	1303	1500	1515	1515	1684	1570	1852	1665	1980	1715
VELF	13756		0	2256	1770	2552	1895	2919	2132	3091	2235	3313	2365
VELF	13756		0	3623	2545	3892	2695	4444	2905	5152	3125	6155	3390
VELF	13756		0	7953	3870	9253	4125	10519	4345	11987	4550		
SPNT	13836			4396		29594	7742208			2			
VELF	13836		0	1286	1500	1470	1515	1677	1575	1933	1715	2310	1795
VELF	13836		0	2478	1865	2774	2030	3125	2265	3320	2380	3677	2648
VELF	13836		0	3912	2755	4343	2940	4889	3125	5485	3295	6215	3465
VELF	13836		0	6532	3545	7995	3892	8902	4085	10364	4335	12000	4568
SPNT	13916			4423		30363	7742848			2			
VELF	13916		0	1279	1500	1428	1510	1576	1545	1710	1600	1980	1735
VELF	13916		0	2242	1795	2434	1855	2640	1965	2934	2128	3098	2250
VELF	13916		0	3441	2485	3771	2680	4162	2845	4936	3155	5481	3275
VELF	13916		0	6236	3460	7232	3725	8323	3960	9589	4195	10697	4378
VELF	13916		0	11983	4550								
SPNT	13996			4449		31127	7743493			2			
VELF	13996		0	1278	1502	1448	1520	1630	1570	1778	1640	1899	1718
VELF	13996		0	2067	1765	2242	1800	2451	1870	2646	1985	2923	2135
VELF	13996		0	3081	2262	3347	2465	3764	2645	4222	2845	4896	3105
VELF	13996		0	5481	3295	6157	3462	7636	3810	8687	4035	10290	4310
VELF	13996		0	11995	4565								
SPNT	14076			4476		31893	7744136			2			
VELF	14076		0	1266	1500	1448	1520	1596	1560	1717	1610	1939	1740
VELF	14076		0	2269	1810	2620	1980	2923	2155	3145	2310	3542	2530
VELF	14076		0	3899	2685	4424	2920	4916	3155	5461	3275	6202	3395
VELF	14076		0	8034	3890	9367	4175	10330	4330	11983	4555		
SPNT	14156			4503		32659	7744779			2			
VELF	14156		0	1263	1502	1434	1518	1603	1565	1939	1735	2242	1805
VELF	14156		0	2566	1938	2943	2160	3145	2280	3354	2425	3636	2575
VELF	14156		0	4061	2715	4451	2925	4889	3110	5481	3245	6278	3442
VELF	14156		0	7596	3790	9010	4090	10155	4285	12000	4558		
SPNT	14236			4529		33423	7745424			2			
VELF	14236		0	1246	1500	1428	1515	1596	1560	1791	1660	1973	1770
VELF	14236		0	2182	1805	2362	1862	2633	2010	2899	2152	3199	2350
VELF	14236		0	3515	2530	3832	2650	4337	2860	4741	3030	5044	3150
VELF	14236		0	5495	3315	6131	3428	6956	3635	7845	3845	8976	4105
VELF	14236		0	10337	4330	11983	4565						
SPNT	14316			4556		34185	7746070			2			
VELF	14316		0	1232	1500	1448	1520	1589	1565	1710	1615	1825	1685
VELF	14316		0	1960	1760	2242	1830	2465	1940	2747	2095	3020	2292
VELF	14316		0	3232	2385	3603	2560	3946	2710	4862	3050	5481	3300
VELF	14316		0	6431	3525	7771	3815	8741	4025	9934	4248	10970	4405
VELF	14316		0	11980	4545								
SPNT	14396			4583		34946	7746718			2			
VELF	14396		0	1232	1500	1414	1520	1609	1580	1778	1660	1906	1740
VELF	14396		0	2189	1815	2424	1910	2586	1985	2848	2140	3024	2235
VELF	14396		0	3259	2420	3576	2615	3852	2730	4652	3032	5582	3325
VELF	14396		0	6391	3545	7439	3812	8808	4090	9872	4270	11980	4565
SPNT	14476			4609		35708	7747365			2			
VELF	14476		0	1219	1500	1354	1515	1520	1542	1657	1605	1778	1670
VELF	14476		0	1906	1750	2155	1815	2438	1930	2601	2005	3024	2250
VELF	14476		0	3212	2340	3556	2525	3823	2662	4657	3118	5562	3305
VELF	14476		0	7449	3822	8741	4075	10027	4295	11138	4455	12000	4568
SPNT	14556			4636		36468	7748014			2			
VELF	14556		0	1214	1503	1377	1510	1475	1538	1639	1591	1778	1665
VELF	14556		0	1919	1765	2189	1805	2581	2008	2774	2120	3010	2245
VELF	14556		0	3259	2400	3569	2625	4195	2900	4640	3080	5603	3280
VELF	14556		0	5980	3375	6983	3660	7825	3875	8875	4090	9980	4290
VELF	14556		0	11993	4570								
SPNT	14636			4663		37233	7748658			2			
VELF	14636		0	1212	1500	1389	1515	1589	1575	1751	1650	1884	1745
VELF	14636		0	2182	1800	2370	1880	2747	2120	3056	2318	3273	2458
VELF	14636		0	3569	2655	3852	2780	4209	2920	4960	3132	5970	3332
VELF	14636		0	7187	3668	8451	3990	9259	4165	10498	4365	11995	4562
SPNT	14716			4689		37989	7749314			2			
VELF	14716		0	1199	1500	1384	1520	1569	1570	1737	1650	1879	1755
VELF	14716		0	2141	1790	2283	1850	2599	2025	3057	2295	3279	2390
VELF	14716		0	3589	2600	3966	2795	4209	2890	4944	3125	5960	3375
VELF	14716		0	6936	3640	8015	3918	9428	4190	10411	4355	11987	4565
SPNT	14796			4716		38763	7749948			2			
VELF	14796		0	1199	1500	1414	1520	1562	1570	1684	1630	1899	1780
VELF	14796		0	2108	1800	2350	1880	2579	2010	3037	2295	3247	2435
VELF	14796		0	3582	2630	3848	2755	4236	2890	4936	3085	5899	3270
VELF	14796		0	6673	3415	7286	3640	7973	3845	9434	4195	10783	4418
VELF	14796		0	11995	4575								
SPNT	14876			4743		39528	7750591			2			
VELF	14876		0	1195	1500	1354	1515	1515	1552	1663	1615	1865	1760
VELF	14876		0	2141	1820	2418	1920	2606	2035	2737	2122	3064	2335
VELF	14876		0	3226	2420	3609	2665	3859	2770	4364	2900	4944	3062
VELF	14876		0	5407	3185	5869	3298	6303	3410	6842	3535	7758	3815
VELF	14876		0	8707	4040	9785	4265	10990	4450	11987	4580		
SPNT	14956			4769		40293	7751234			2			
VELF	14956		0	1185	1500	1308	1518	1502	1550	1636	1605	1838	1735
VELF	14956		0	2141	1805	2350	1890	2571	2032	2788	2165	3071	2315
VELF	14956		0	3286	2430	3623	2610	3975	2905	4519	3060	5327	3275
VELF	14956		0	5886	3400	7077	3765	8182	3980	9360	4190	10330	4345
VELF	14956		0	11987	4575								
SPNT	15036			4796		41043	7751897			2			
VELF	15036		0	1185	1500	1380	1525	1562	1580	1731	1665	1852	1760
VELF	15036		0	2114	1800	2377	1900	2727	2125	3037	2290	3232	2400
VELF	15036		0	3616	2605	3955	2792	4384	2972	5185	3225	5805	3355
VELF	15036		0	6687	3560	8034	3900	9556	4215	10761	4400	11983	4560
SPNT	15116			4823		41823	7752523			2			
VELF	15116		0	1165	1500	1387	1525	1542	1580	1650	1640	1865	1760
VELF	15116		0	2141	1840	2397	1955	2727	2110	3057	2330	3253	2445
VELF	15116		0	3556	2620	3966	2885	4781	3160	5306	3310	6424	3475
VELF	15116		0	6983	3605	8168	3890	9300	4140	10673	4370	11995	4558
SPNT	15196			4849		42581	7753175			2			
VELF	15196		0	1165	1500	1338	1518	1502	1565	1657	1625	1838	1752
VELF	15196		0	1944	1792	2148	1830	2424	1945	2593	2045	3024	2285
VELF	15196		0	3333	2470	3650	2670	3912	2835	4500	3052	4963	3220
VELF	15196		0	5347	3335	6229	3525	6707	3625	8869	4090	10040	4300
VELF	15196		0	11973	4550								
SPNT	15276			4876		43347	7753818			2			
VELF	15276		0	1165	1500	1333	1522	1515	1562	1643	1620	1778	1695
VELF	15276		0	1879	1770	2101	1815	2316	1880	2599	2055	2862	2190
VELF	15276		0	3051	2310	3219	2400	3525	2602	3710	2740	3886	2885
VELF	15276		0	4424	3050	5199	3370	5832	3515	6566	3680	7086	3802
VELF	15276		0	7621	3925	8682	4118	10005	4315	10997	4450	11990	4562
SPNT	15356			4903		44106	7754469			2			
VELF	15356		0	1165	1500	1347	1520	1480	1562	1643	1620	1744	1680
VELF	15356		0	1872	1760	2101	1820	2303	1910	2438	1990	2694	2145
VELF	15356		0	2963	2280	3167	2382	3461	2550	3955	2892	4323	3015
VELF	15356		0	5098	3305	5906	3550	6505	3690	7098	3835	8051	4028
VELF	15356		0	9037	4200	10343	4380	11993	4555				
SPNT	15436			3547		44885	7755101			2			
VELF	15436		0	1158	1500	1303	1522	1515	1570	1670	1635	1771	1695
VELF	15436		0	1872	1775	2101	1820	2310	1920	2556	2048	2747	2155
VELF	15436		0	2970	2270	3439	2565	3939	2895	4439	3055	5096	3245
VELF	15436		0	5869	3432	6795	3695	7657	3885	8667	4082	9448	4220
VELF	15436		0	10532	4385	11973	4550						
SPNT	15516			3574		45652	7755743			2			
VELF	15516		0	1158	1500	1347	1520	1515	1575	1657	1635	1869	1772
VELF	15516		0	2088	1830	2263	1910	2418	1995	2949	2265	3152	2380
VELF	15516		0	3414	2530	3591	2662	3912	2850	4175	2965	5101	3212
VELF	15516		0	5865	3425	7367	3810	8458	4045	9722	4262	10535	4368
VELF	15516		0	11983	4540								
SPNT	15596			3601		46413	7756391			2			
VELF	15596		0	1152	1500	1348	1528	1495	1565	1684	1650	1865	1775
VELF	15596		0	2047	1820	2310	1960	2540	2068	2949	2285	3259	2410
VELF	15596		0	3616	2680	3886	2815	4175	2930	5051	3250	5973	3550
VELF	15596		0	6680	3740	7818	3970	8828	4145	9926	4325	11995	4565
SPNT	15676			3627		47189	7757023			2			
VELF	15676		0	1152	1500	1407	1530	1535	1580	1663	1645	1865	1785
VELF	15676		0	2067	1840	2227	1898	2532	2045	2929	2260	3253	2440
VELF	15676		0	3865	2775	4076	2908	4882	3130	5226	3305	5966	3645
VELF	15676		0	6404	3745	7212	3925	8013	4075	9441	4285	10606	4440
VELF	15676		0	11987	4580								
SPNT	15756			3654		47957	7757662			2			
VELF	15756		0	1157	1502	1298	1505	1481	1560	1636	1630	1785	1720
VELF	15756		0	1889	1798	2056	1812	2337	1930	2586	2065	2924	2292
VELF	15756		0	3138	2370	3490	2565	3852	2845	4081	2940	4855	3145
VELF	15756		0	5253	3315	5744	3625	6000	3715	7394	3975	8641	4205
VELF	15756		0	10067	4390	11966	4595						
SPNT	15836			3681		48720	7758309			2			
VELF	15836		0	1145	1495	1300	1495	1455	1545	1631	1612	1771	1695
VELF	15836		0	1884	1782	2054	1810	2296	1915	2660	2110	2956	2285
VELF	15836		0	3306	2435	3753	2725	4081	2905	4512	3095	4781	3185
VELF	15836		0	5104	3260	6175	3635	7226	3925	8000	4090	8929	4240
VELF	15836		0	10195	4385	11993	4575						
SPNT	15916			3707		49487	7758951			2			
VELF	15916		0	1145	1495	1303	1492	1481	1555	1630	1610	1764	1700
VELF	15916		0	1899	1780	2020	1818	2236	1880	2478	2015	2862	2235
VELF	15916		0	3219	2420	3616	2600	3892	2745	4242	2930	4566	3070
VELF	15916		0	5162	3255	5662	3448	6370	3675	7515	3975	8672	4188
VELF	15916		0	10253	4388	12007	4570						
SPNT	15996			3734		50252	7759595			2			
VELF	15996		0	1145	1495	1167	1495	1313	1495	1488	1555	1643	1620
VELF	15996		0	1771	1695	1865	1765	2088	1820	2320	1935	2641	2122
VELF	15996		0	2963	2250	3185	2360	3481	2530	3764	2650	4253	2915
VELF	15996		0	4882	3180	5657	3390	7037	3825	8047	4040	8970	4202
VELF	15996		0	10168	4365	11987	4560						
SPNT	16076			3761		51030	7760224			2			
VELF	16076		0	1131	1490	1279	1495	1421	1530	1529	1570	1663	1635
VELF	16076		0	1751	1675	1865	1765	2034	1800	2229	1900	2593	2090
VELF	16076		0	2822	2225	3000	2322	3515	2605	4047	2865	4640	3055
VELF	16076		0	5131	3220	5825	3420	6197	3528	7630	3925	9104	4200
VELF	16076		0	10444	4395	11995	4572						
SPNT	16156			3787		51796	7760867			2			
VELF	16156		0	1138	1490	1308	1498	1401	1520	1500	1558	1636	1615
VELF	16156		0	1865	1765	2045	1818	2330	1935	2667	2125	3030	2340
VELF	16156		0	3259	2465	3495	2600	4061	2900	4539	3055	5165	3290
VELF	16156		0	5421	3360	5854	3472	6155	3540	7064	3775	8616	4115
VELF	16156		0	9131	4208	10444	4400	11980	4575				
SPNT	16236			3814		52563	7761509			2			
VELF	16236		0	1152	1490	1338	1498	1481	1555	1663	1630	1845	1755
VELF	16236		0	2054	1820	2330	1950	2667	2135	3037	2330	3212	2420
VELF	16236		0	3892	2810	4189	2960	4884	3188	5116	3278	5596	3415
VELF	16236		0	6359	3612	7239	3815	8455	4062	10519	4405	11995	4588
SPNT	16316			3841		53330	7762150			2			
VELF	16316		0	1145	1490	1308	1495	1475	1550	1677	1635	1771	1700
VELF	16316		0	1879	1770	2081	1830	2337	1970	2599	2095	2902	2250
VELF	16316		0	3125	2360	3360	2495	3852	2760	4128	2920	4727	3160
VELF	16316		0	5056	3278	5380	3375	5616	3435	6369	3608	7909	3905
VELF	16316		0	8742	4075	10066	4322	11973	4620				
SPNT	16396			3867		54109	7762778			2			
VELF	16396		0	1145	1490	1394	1520	1502	1565	1630	1615	1758	1678
VELF	16396		0	1879	1790	2101	1840	2290	1925	2640	2120	2896	2245
VELF	16396		0	3091	2345	3374	2495	4168	2950	4673	3135	4990	3215
VELF	16396		0	5347	3295	5919	3450	6788	3660	7657	3825	9222	4138
VELF	16396		0	10333	4352	12000	4642						
SPNT	16476			3894		54870	7763427			2			
VELF	16476		0	1145	1490	1327	1500	1468	1545	1636	1622	1758	1670
VELF	16476		0	1886	1795	2061	1835	2318	1932	2621	2108	2874	2242
VELF	16476		0	3125	2405	3340	2495	3764	2715	4067	2855	4357	2960
VELF	16476		0	4955	3202	5515	3325	5933	3415	6492	3540	7300	3720
VELF	16476		0	8202	3905	9367	4125	10384	4315	11993	4615		
SPNT	16556			3921		55641	7764065			2			
VELF	16556		0	1152	1490	1293	1495	1475	1545	1643	1620	1778	1700
VELF	16556		0	1892	1785	2067	1835	2458	2015	2599	2105	2884	2238
VELF	16556		0	3118	2405	3461	2580	4067	2865	4963	3225	5488	3380
VELF	16556		0	6167	3538	7212	3745	8795	4050	10074	4270	11966	4585
SPNT	16636			3947		56412	7764701			2			
VELF	16636		0	1152	1490	1300	1500	1480	1555	1636	1620	1886	1765
VELF	16636		0	2005	1815	2182	1890	2364	1960	2641	2128	2894	2252
VELF	16636		0	3111	2375	3367	2520	3933	2830	4902	3250	5313	3362
VELF	16636		0	6348	3582	7764	3840	9106	4108	10515	4355	11973	4595
SPNT	16716			3974		57173	7765349			2			
VELF	16716		0	1152	1490	1333	1500	1461	1545	1663	1635	1892	1765
VELF	16716		0	2101	1850	2350	1955	2626	2135	2774	2195	3086	2378
VELF	16716		0	3414	2545	3758	2730	4054	2880	4855	3205	5384	3382
VELF	16716		0	5949	3512	7545	3818	9212	4145	10673	4415	11980	4610
SPNT	16796			4001		57939	7765993			2			
VELF	16796		0	1158	1490	1313	1500	1488	1550	1643	1610	1874	1768
VELF	16796		0	2108	1835	2290	1915	2532	2065	2875	2235	3084	2360
VELF	16796		0	3306	2450	3630	2600	3980	2765	4215	2880	4842	3160
VELF	16796		0	5226	3250	5944	3448	6394	3548	7037	3680	8357	3950
VELF	16796		0	9414	4172	10721	4415	11990	4615				
SPNT	16876			4027		58715	7766623			2			
VELF	16876		0	1158	1490	1320	1500	1475	1545	1643	1615	1899	1765
VELF	16876		0	2162	1860	2438	1975	2613	2085	2869	2225	3098	2360
VELF	16876		0	3414	2565	3737	2765	4034	2960	4869	3250	5266	3350
VELF	16876		0	5946	3475	6217	3525	6653	3620	8377	3960	9859	4240
VELF	16876		0	11966	4600								
SPNT	16956			4054		59479	7767269			2			
VELF	16956		0	1158	1490	1313	1500	1485	1548	1663	1620	1909	1765
VELF	16956		0	2114	1830	2256	1900	2525	2030	2801	2190	3293	2480
VELF	16956		0	3813	2808	4007	2940	4884	3282	5298	3368	5843	3455
VELF	16956		0	6424	3578	7869	3855	9121	4112	10350	4325	11000	4428
VELF	16956		0	12000	4598								
SPNT	17036			4081		60249	7767907			2			
VELF	17036		0	1165	1485	1320	1495	1448	1535	1630	1605	1778	1690
VELF	17036		0	1906	1775	2128	1845	2330	1930	2545	2050	2855	2225
VELF	17036		0	3104	2350	3320	2500	3601	2668	3798	2780	4195	2920
VELF	17036		0	4795	3175	5192	3270	5838	3418	6673	3585	7394	3725
VELF	17036		0	8923	4035	10465	4315	12000	4585				
SPNT	17116			4107		61018	7768547			2			
VELF	17116		0	1172	1485	1320	1495	1515	1558	1650	1610	1892	1765
VELF	17116		0	2020	1805	2222	1875	2525	2030	2916	2240	3286	2460
VELF	17116		0	3591	2645	4027	2855	4855	3185	5219	3280	5886	3455
VELF	17116		0	6444	3575	7731	3825	9152	4100	10485	4335	11987	4585
SPNT	17196			4134		61784	7769189			2			
VELF	17196		0	1172	1490	1306	1495	1468	1535	1641	1608	1771	1680
VELF	17196		0	1879	1765	2141	1850	2551	2042	2889	2245	3084	2365
VELF	17196		0	3340	2505	3621	2665	4030	2858	4795	3185	5178	3300
VELF	17196		0	5785	3425	6485	3585	7569	3805	8869	4040	10532	4335
VELF	17196		0	11973	4580								
SPNT	17276			4161		62553	7769828			2			
VELF	17276		0	1185	1485	1364	1502	1529	1560	1677	1620	1872	1760
VELF	17276		0	2148	1840	2397	1960	2875	2215	3098	2345	3495	2560
VELF	17276		0	3650	2660	4030	2835	4788	3170	5207	3305	6330	3595
VELF	17276		0	7899	3880	9010	4062	10653	4350	11973	4570		
SPNT	17356			4187		63321	7770468			2			
VELF	17356		0	1185	1485	1354	1498	1515	1550	1643	1605	1778	1670
VELF	17356		0	1859	1745	2162	1835	2357	1935	2535	2048	2869	2212
VELF	17356		0	3138	2390	3623	2635	4040	2832	4793	3195	5131	3295
VELF	17356		0	5813	3458	6411	3595	7273	3755	8121	3905	9690	4175
VELF	17356		0	11973	4560								
SPNT	17436			4214		64087	7771111			2			
VELF	17436		0	1185	1485	1424	1508	1657	1605	1843	1722	2108	1805
VELF	17436		0	2310	1890	2525	2038	2875	2195	3084	2350	3387	2455
VELF	17436		0	3603	2580	3919	2760	4768	3170	5071	3270	5832	3460
VELF	17436		0	6599	3605	8263	3910	9692	4162	11973	4545		
SPNT	17516			4241		64846	7771762			2			
VELF	17516		0	1199	1485	1340	1500	1495	1535	1609	1585	1751	1640
VELF	17516		0	1879	1740	2141	1815	2330	1900	2458	1995	2781	2140
VELF	17516		0	3091	2345	3631	2625	3987	2815	4734	3130	5167	3285
VELF	17516		0	6419	3568	7798	3815	9717	4160	11980	4540		
SPNT	17596			4267		65627	7772388			2			
VELF	17596		0	1192	1485	1320	1490	1481	1535	1623	1585	1859	1715
VELF	17596		0	2034	1755	2202	1840	2552	2030	2828	2145	3051	2310
VELF	17596		0	3320	2480	3609	2635	4101	2878	4700	3155	4990	3270
VELF	17596		0	5394	3375	6364	3508	7985	3805	9263	4052	10350	4260
VELF	17596		0	11973	4550								
SPNT	17676			4294		66388	7773036			2			
VELF	17676		0	1212	1485	1407	1505	1525	1545	1697	1610	1845	1710
VELF	17676		0	2013	1755	2202	1830	2539	2020	2862	2180	3162	2335
VELF	17676		0	3677	2680	4054	2835	4653	3110	4949	3258	5758	3415
VELF	17676		0	6308	3528	7448	3735	8798	3978	10088	4215	11973	4545
SPNT	17756			4321		67153	7773680			2			
VELF	17756		0	1219	1485	1360	1500	1502	1530	1630	1580	1845	1705
VELF	17756		0	2135	1785	2350	1885	2505	1980	2707	2080	2869	2175
VELF	17756		0	3077	2315	3283	2428	3623	2655	3926	2795	4620	3115
VELF	17756		0	5146	3285	5758	3410	6500	3568	8276	3915	9825	4180
VELF	17756		0	11980	4565								
SPNT	17836			4347		67920	7774321			2			
VELF	17836		0	1232	1485	1421	1500	1596	1560	1710	1615	1825	1685
VELF	17836		0	1970	1722	2155	1770	2505	1960	2714	2070	2875	2170
VELF	17836		0	3071	2270	3259	2375	3704	2675	3987	2840	4579	3125
VELF	17836		0	5066	3272	5791	3405	6091	3455	7551	3762	8626	3965
VELF	17836		0	10020	4210	11980	4565						
SPNT	17916			4374		68687	7774964			2			
VELF	17916		0	1232	1485	1441	1505	1609	1565	1791	1675	1884	1712
VELF	17916		0	2189	1785	2512	1970	2694	2065	3000	2255	3263	2385
VELF	17916		0	3603	2575	4141	2915	4444	3080	5077	3350	6189	3505
VELF	17916		0	7279	3685	8258	3868	9621	4125	10662	4312	11995	4555
SPNT	17996			4401		69461	7775597			2			
VELF	17996		0	1246	1485	1369	1495	1562	1550	1684	1615	1791	1680
VELF	17996		0	1924	1715	2126	1755	2296	1830	2485	1945	2714	2090
VELF	17996		0	2956	2220	3259	2385	3542	2545	3966	2805	4579	3115
VELF	17996		0	5098	3295	6088	3440	7283	3682	8242	3855	9530	4095
VELF	17996		0	11993	4540								
SPNT	18076			4427		70231	7776235			2			
VELF	18076		0	1253	1485	1404	1505	1551	1535	1732	1652	1892	1690
VELF	18076		0	2067	1715	2465	1922	2694	2055	2934	2182	3222	2388
VELF	18076		0	3845	2705	4162	2890	5071	3260	6182	3465	6732	3565
VELF	18076		0	7359	3685	7949	3798	9253	4045	10111	4202	11987	4525
