CONT	PGS A											
LINE	NWS07											
AREA	North											
INFO	"	  WGS 84"											
COM1	2040p											
SPNT	3516		956	-159600		7812045			5			
VELF	3516	0	4930	1492	5168	1507	5391	1543	5494	1582	5697	1760
VELF	3516	0	6007	2065	6374	2480	7003	2850	7407	3070	8646	3495
VELF	3516	0	10088	3865	11919	4215						
SPNT	3596		983	-158841		7811394			5			
VELF	3596	0	4848	1485	5140	1505	5380	1545	5494	1592	5791	1820
VELF	3596	0	5939	1970	6074	2135	6519	2570	7192	2970	8000	3345
VELF	3596	0	9993	3855	11960	4215						
SPNT	3676		1009	-158070		7810757			5			
VELF	3676	0	4760	1492	5098	1505	5374	1535	5495	1610	5647	1745
VELF	3676	0	5939	1950	6236	2295	6519	2550	6896	2785	7515	3120
VELF	3676	0	8296	3335	9710	3770	11990	4190				
SPNT	3756		1036	-157305		7810112			5			
VELF	3756	0	4686	1492	4920	1498	5120	1512	5360	1558	5657	1750
VELF	3756	0	5912	2000	6236	2315	6855	2735	7475	3060	8242	3405
VELF	3756	0	9343	3670	11960	4185						
SPNT	3836		1063	-156540		789469			5			
VELF	3836	0	4633	1492	4997	1535	5199	1550	5360	1570	5603	1790
VELF	3836	0	5980	2135	6694	2720	7865	3245	8970	3570	10303	3865
VELF	3836	0	11933	4145								
SPNT	3916		1089	-155773		788827			5			
VELF	3916	0	4586	1492	4813	1505	4947	1515	5293	1600	5549	1850
VELF	3916	0	5859	2190	6114	2395	6532	2655	6909	2895	7892	3300
VELF	3916	0	9428	3710	11960	4200						
SPNT	3996		1116	-155001		788191			5			
VELF	3996	0	4496	1488	4918	1525	5226	1570	5495	1865	5832	2195
VELF	3996	0	6545	2760	7327	3115	8189	3440	10007	3840	11960	4190
SPNT	4076		1143	-154236		787547			5			
VELF	4076	0	4450	1492	4600	1502	4800	1522	4940	1548	5063	1572
VELF	4076	0	5239	1655	5374	1808	5818	2305	6734	2835	7960	3375
VELF	4076	0	9091	3655	11960	4190						
SPNT	4156		1169	-153468		786907			5			
VELF	4156	0	4383	1492	4490	1498	4781	1520	5010	1565	5306	1720
VELF	4156	0	5468	1940	5737	2210	6384	2695	7003	2990	8135	3435
VELF	4156	0	9630	3790	11946	4200						
SPNT	4236		1196	-152708		786256			5			
VELF	4236	0	4320	1492	4470	1502	4620	1510	4993	1585	5133	1638
VELF	4236	0	5441	2000	5778	2305	6276	2675	6882	3050	7380	3235
VELF	4236	0	8633	3605	10034	3880	11933	4215				
SPNT	4316		1223	-151939		785618			5			
VELF	4316	0	4253	1492	4370	1502	4665	1530	4830	1562	5037	1665
VELF	4316	0	5347	2000	5859	2490	6370	2800	7098	3145	7758	3350
VELF	4316	0	9077	3695	11960	4215						
SPNT	4396		1249	-151169		784980			5			
VELF	4396	0	4133	1492	4313	1505	4586	1525	4840	1585	5030	1680
VELF	4396	0	5263	1942	5387	2100	5764	2400	6249	2705	7071	3050
VELF	4396	0	7906	3355	9199	3670	10276	3870	11946	4150		
SPNT	4476		1276	-150401		784339			5			
VELF	4476	0	4106	1492	4206	1498	4440	1512	4754	1565	5037	1770
VELF	4476	0	5239	1970	5508	2305	5886	2530	6290	2760	6801	2970
VELF	4476	0	8040	3475	9428	3775	11919	4180				
SPNT	4556		1303	-149635		783696			5			
VELF	4556	0	4162	1490	4350	1508	4490	1528	4660	1560	4929	1660
VELF	4556	0	5158	1870	5535	2250	5805	2435	6303	2750	7084	3100
VELF	4556	0	8162	3425	9104	3640	10114	3800	11825	4130		
SPNT	4636		1329	-148868		783055			5			
VELF	4636	0	4148	1485	4323	1510	4606	1590	4877	1702	5199	2035
VELF	4636	0	5603	2290	5939	2475	6343	2650	6653	2815	7121	3010
VELF	4636	0	7586	3200	8552	3450	9684	3690	11879	4105		
SPNT	4716		1356	-148105		782407			5			
VELF	4716	0	4269	1485	4433	1512	4741	1580	4956	1795	5253	2000
VELF	4716	0	5603	2260	6007	2550	6330	2700	7017	3000	7744	3250
VELF	4716	0	9724	3695	11933	4110						
SPNT	4796		1383	-147340		781765			5			
VELF	4796	0	4189	1475	4326	1495	4410	1518	4526	1602	4956	1740
VELF	4796	0	5157	1975	5347	2125	5495	2290	6007	2495	6492	2720
VELF	4796	0	6896	2900	7811	3215	9670	3655	11946	4080		
SPNT	4876		1409	-146566		781131			5			
VELF	4876	0	4027	1480	4216	1505	4350	1532	4512	1585	4673	1690
VELF	4876	0	4848	1785	5118	1945	5293	2082	5414	2185	5684	2365
VELF	4876	0	6747	2745	7111	2910	7697	3165	8455	3310	9404	3520
VELF	4876	0	11919	4050								
SPNT	4956		1436	-145801		78488			5			
VELF	4956	0	3933	1480	4153	1512	4283	1525	4485	1595	4653	1705
VELF	4956	0	4970	1855	5118	1975	5455	2255	5886	2430	6828	2870
VELF	4956	0	7811	3190	9131	3445	10909	3750	11960	3945		
SPNT	5036		1463	-145035		7799845			5			
VELF	5036	0	3669	1488	3960	1510	4242	1585	4498	1660	4848	1825
VELF	5036	0	5024	1945	5199	2045	5347	2145	5562	2250	6182	2580
VELF	5036	0	7178	3010	8727	3435	11933	4110				
SPNT	5116		1489	-144272		7799198			5			
VELF	5116	0	3499	1485	3758	1510	3879	1525	4027	1570	4215	1630
VELF	5116	0	4795	1840	5010	1965	5239	2140	5643	2295	5993	2485
VELF	5116	0	6572	2800	7596	3170	9293	3595	11879	4115		
SPNT	5196		1516	-143505		7798555			5			
VELF	5196	0	3399	1485	3559	1505	3816	1535	3946	1550	4431	1745
VELF	5196	0	4646	1850	5253	2155	5589	2300	6074	2540	6465	2760
VELF	5196	0	8013	3255	9077	3510	11906	4105				
SPNT	5276		1543	-142739		7797913			5			
VELF	5276	0	3339	1488	3516	1505	3656	1522	3859	1545	4036	1582
VELF	5276	0	4213	1645	4423	1768	4781	1940	5172	2095	5670	2345
VELF	5276	0	6209	2650	7286	3020	8498	3350	9697	3640	10842	3855
VELF	5276	0	12000	4065								
SPNT	5356		1569	-141973		7797270			5			
VELF	5356	0	3302	1488	3479	1512	3616	1522	3856	1555	4094	1595
VELF	5356	0	4215	1620	4404	1700	4593	1820	4875	1995	5522	2300
VELF	5356	0	6020	2530	6936	2895	7865	3205	9104	3485	11892	4070
SPNT	5436		1596	-141207		7796627			5			
VELF	5436	0	3259	1492	3339	1498	3432	1512	3579	1525	3786	1552
VELF	5436	0	4067	1595	4189	1630	4286	1698	4512	1805	4687	1995
VELF	5436	0	5091	2225	5441	2445	6209	2695	7232	3045	8229	3325
VELF	5436	0	10034	3740	11892	4080						
SPNT	5516		1623	-140442		7795984			5			
VELF	5516	0	3229	1492	3389	1512	3559	1528	3716	1552	3896	1585
VELF	5516	0	4063	1625	4269	1720	4513	1868	4781	2005	5024	2205
VELF	5516	0	5643	2505	6061	2645	6680	2855	7717	3210	8593	3430
VELF	5516	0	9724	3655	11892	4050						
SPNT	5596		1649	-139674		7795342			5			
VELF	5596	0	3195	1492	3302	1498	3429	1518	3539	1529	3816	1565
VELF	5596	0	3973	1605	4139	1662	4350	1760	4660	1990	4943	2125
VELF	5596	0	5253	2300	5832	2570	6397	2815	7327	3055	8795	3460
VELF	5596	0	9320	3540	11919	4055						
SPNT	5676		1676	-138915		7794692			5			
VELF	5676	0	3179	1488	3519	1528	3696	1552	3849	1585	3996	1632
VELF	5676	0	4096	1665	4256	1740	4563	1905	4937	2132	5185	2305
VELF	5676	0	5549	2530	6195	2830	7421	3130	9266	3420	11990	3990
SPNT	5756		1703	-138148		7794050			5			
VELF	5756	0	3145	1488	3362	1518	3606	1542	3803	1578	4013	1662
VELF	5756	0	4215	1745	4485	1875	4710	1995	4902	2095	5266	2305
VELF	5756	0	5657	2565	6249	2875	7502	3225	9279	3415	11892	3970
SPNT	5836		1729	-137384		7793405			5			
VELF	5836	0	3037	1489	3169	1498	3282	1518	3459	1535	3656	1558
VELF	5836	0	3749	1578	3879	1642	4026	1702	4186	1748	4340	1822
VELF	5836	0	4593	1925	4768	2015	4970	2130	5306	2355	5980	2700
VELF	5836	0	7125	3105	8727	3390	9926	3585	11970	3985		
SPNT	5916		1756	-136614		7792767			5			
VELF	5916	0	2995	1488	3172	1505	3299	1525	3569	1555	3856	1608
VELF	5916	0	3973	1652	4054	1695	4431	1875	4848	2100	5118	2295
VELF	5916	0	5428	2550	5859	2795	6721	3140	8081	3365	8929	3570
VELF	5916	0	9374	3705	11933	4185						
SPNT	5996		1783	-135853		7792117			5			
VELF	5996	0	2962	1488	3112	1505	3282	1528	3542	1550	3746	1592
VELF	5996	0	3906	1638	4027	1690	4148	1755	4458	1955	4848	2150
VELF	5996	0	5185	2390	5455	2550	5899	2750	6195	2875	6667	3045
VELF	5996	0	8013	3390	9266	3655	11865	4155				
SPNT	6076		1809	-135079		7791485			5			
VELF	6076	0	2982	1488	3071	1501	3279	1538	3466	1558	3672	1598
VELF	6076	0	3892	1650	4000	1690	4283	1810	4620	1985	4835	2130
VELF	6076	0	5172	2300	5360	2395	5522	2485	5966	2695	6290	2840
VELF	6076	0	6747	3075	8902	3545	9279	3655	11906	4155		
SPNT	6156		1836	-134309		7790846			5			
VELF	6156	0	2935	1488	3079	1505	3265	1545	3552	1585	3785	1620
VELF	6156	0	4175	1725	4364	1855	4566	1955	4720	2045	5051	2180
VELF	6156	0	5197	2262	5455	2385	6088	2650	6640	2895	7098	3050
VELF	6156	0	8242	3310	8781	3440	9253	3595	11933	4120		
SPNT	6236		1863	-133550		7790195			5			
VELF	6236	0	2916	1493	3132	1522	3242	1545	3386	1568	3758	1640
VELF	6236	0	4081	1710	4350	1840	4593	1988	4822	2100	5145	2250
VELF	6236	0	5535	2400	5993	2730	6505	2880	6855	2990	7434	3210
VELF	6236	0	8822	3605	11906	4210						
SPNT	6316		1889	-132789		7789546			5			
VELF	6316	0	2889	1485	3012	1502	3119	1522	3235	1545	3429	1578
VELF	6316	0	3612	1608	3736	1645	3949	1705	4143	1785	4269	1850
VELF	6316	0	4552	2035	4835	2140	5118	2320	5562	2530	6263	2795
VELF	6316	0	6640	2955	7394	3230	8875	3655	11906	4220		
SPNT	6396		1916	-132012		7788917			5			
VELF	6396	0	2869	1488	3005	1505	3172	1538	3399	1578	3542	1595
VELF	6396	0	3717	1635	3892	1680	4040	1740	4215	1805	4418	1910
VELF	6396	0	4848	2105	5202	2320	5495	2510	6007	2705	6222	2855
VELF	6396	0	7057	3160	8835	3615	11933	4200				
SPNT	6476		1943	-131247		7788273			5			
VELF	6476	0	2815	1488	2942	1502	3099	1538	3406	1592	3566	1618
VELF	6476	0	3706	1638	3889	1688	4059	1758	4192	1810	4444	1925
VELF	6476	0	4646	2040	4889	2150	5091	2260	5468	2505	6303	2880
VELF	6476	0	7283	3140	8848	3610	11946	4180				
SPNT	6556		1969	-130486		7787624			5			
VELF	6556	0	2792	1485	2945	1508	3082	1542	3366	1588	3449	1608
VELF	6556	0	3663	1625	3786	1665	3893	1705	4081	1780	4498	1965
VELF	6556	0	4696	2092	4902	2215	5212	2400	6128	2835	7246	3200
VELF	6556	0	8269	3490	9306	3685	11946	4145				
SPNT	6636		1996	-129716		7786986			5			
VELF	6636	0	2758	1488	2849	1502	2962	1522	3065	1545	3340	1585
VELF	6636	0	3712	1668	3896	1748	4063	1832	4219	1895	4450	2018
VELF	6636	0	4726	2168	4889	2270	5306	2500	5953	2700	6532	2960
VELF	6636	0	7138	3155	8310	3445	9253	3650	11946	4130		
SPNT	6716		2023	-128947		7786348			5			
VELF	6716	0	2745	1488	2859	1502	3042	1545	3165	1575	3300	1595
VELF	6716	0	3677	1655	3853	1742	4033	1815	4525	2005	4795	2155
VELF	6716	0	5279	2450	5684	2635	6667	3015	7636	3310	8418	3485
VELF	6716	0	9226	3650	11919	4145						
SPNT	6796		2049	-128180		7785705			5			
VELF	6796	0	2722	1485	2805	1502	2919	1522	3075	1558	3265	1608
VELF	6796	0	3596	1655	3798	1715	3979	1802	4276	1938	4593	2068
VELF	6796	0	4727	2115	5024	2320	5306	2450	5535	2595	6155	2810
VELF	6796	0	6707	3025	7380	3260	8714	3505	11946	4135		
SPNT	6876		2076	-127409		7785068			5			
VELF	6876	0	2685	1488	2819	1508	2952	1528	3062	1565	3340	1610
VELF	6876	0	3596	1700	3839	1748	3943	1785	4391	1900	4714	2030
VELF	6876	0	4943	2245	5441	2535	6101	2805	6896	3145	8054	3415
VELF	6876	0	9104	3575	11892	4095						
SPNT	6956		2103	-126657		7784410			5			
VELF	6956	0	2672	1485	2802	1502	2915	1522	3105	1592	3354	1620
VELF	6956	0	3556	1650	3798	1730	3973	1800	4229	1850	4552	1925
VELF	6956	0	4875	2100	5360	2500	6195	2840	7057	3150	8916	3570
VELF	6956	0	11973	4160								
SPNT	7036		2129	-125885		7783773			5			
VELF	7036	0	2658	1488	2812	1508	2936	1535	3111	1575	3300	1600
VELF	7036	0	3556	1695	3782	1752	4169	1888	4579	2005	5118	2185
VELF	7036	0	5455	2420	5710	2575	6357	2920	7111	3175	9374	3700
VELF	7036	0	11987	4170								
SPNT	7116		2156	-125114		7783137			5			
VELF	7116	0	2665	1488	2772	1502	2912	1528	3039	1568	3219	1615
VELF	7116	0	3406	1648	3502	1660	3739	1762	4013	1850	4256	1895
VELF	7116	0	4633	2055	4919	2240	5239	2450	5912	2705	6909	3125
VELF	7116	0	9104	3580	11933	4125						
SPNT	7196		2183	-124356		7782484			5			
VELF	7196	0	2658	1492	2805	1505	3002	1562	3158	1590	3300	1631
VELF	7196	0	3506	1678	3732	1738	3906	1780	4049	1888	4579	2055
VELF	7196	0	4916	2315	5360	2510	6815	3140	7973	3430	9158	3700
VELF	7196	0	11946	4210								
SPNT	7276		2209	-123588		7781844			5			
VELF	7276	0	2645	1485	2768	1502	2879	1525	2985	1558	3125	1592
VELF	7276	0	3316	1625	3623	1700	3869	1812	3993	1865	4121	1925
VELF	7276	0	4458	2100	4646	2170	4956	2355	5603	2645	6236	2895
VELF	7276	0	7084	3215	7946	3440	9832	3760	11919	4145		
SPNT	7356		2236	-122816		7781209			5			
VELF	7356	0	2636	1490	2779	1505	2919	1545	3012	1572	3165	1605
VELF	7356	0	3422	1658	3772	1758	3896	1822	4246	1978	4444	2055
VELF	7356	0	4687	2135	5118	2350	5401	2500	6034	2765	6680	3000
VELF	7356	0	7313	3245	7811	3400	8970	3615	11946	4175		
SPNT	7436		2263	-122057		7780557			5			
VELF	7436	0	2615	1485	2842	1530	2976	1575	3099	1585	3212	1605
VELF	7436	0	3327	1635	3539	1692	3759	1765	4029	1875	4179	1945
VELF	7436	0	4552	2185	5064	2355	5495	2520	5926	2695	6896	3100
VELF	7436	0	7704	3350	9024	3580	9805	3720	11933	4125		
SPNT	7516		2289	-121282		7779925			5			
VELF	7516	0	2582	1488	2665	1498	2788	1515	2919	1552	3071	1585
VELF	7516	0	3354	1625	3722	1750	3840	1805	4073	1918	4353	2045
VELF	7516	0	4512	2135	4916	2250	5414	2500	5791	2655	6411	2850
VELF	7516	0	7219	3100	7879	3340	9037	3600	11946	4160		
SPNT	7596		2316	-120518		7779279			5			
VELF	7596	0	2572	1485	2665	1508	2825	1532	2959	1565	3085	1592
VELF	7596	0	3282	1642	3426	1672	3692	1752	3879	1832	4215	1925
VELF	7596	0	4458	2050	4673	2160	4916	2300	5293	2480	5670	2640
VELF	7596	0	6263	2835	7138	3110	8121	3435	9037	3605	11960	4175
SPNT	7676		2343	-119754		7778635			5			
VELF	7676	0	2545	1485	2658	1498	2775	1522	2879	1545	3219	1605
VELF	7676	0	3421	1660	3689	1742	3779	1772	4026	1888	4242	1955
VELF	7676	0	4444	2095	4646	2145	4997	2325	5347	2550	6141	2825
VELF	7676	0	6963	3095	7731	3300	9279	3600	11933	4115		
SPNT	7756		2369	-118986		7777995			5			
VELF	7756	0	2545	1485	2668	1502	2772	1525	2892	1558	3062	1588
VELF	7756	0	3182	1605	3302	1625	3429	1668	3562	1728	3722	1782
VELF	7756	0	4108	1940	4350	2155	4714	2295	5051	2450	5832	2745
VELF	7756	0	6559	2935	7596	3160	8566	3410	9508	3600	11946	4080
SPNT	7836		2396	-118219		7777353			5			
VELF	7836	0	2529	1493	2655	1502	2755	1525	2845	1552	3205	1595
VELF	7836	0	3569	1700	4189	2015	4539	2145	4822	2255	5131	2350
VELF	7836	0	5657	2510	6721	2850	7704	3155	9118	3540	11919	4100
SPNT	7916		2423	-117451		7776714			5			
VELF	7916	0	2492	1485	2618	1498	2742	1522	2909	1535	3192	1605
VELF	7916	0	3394	1685	3623	1745	3798	1795	3979	1972	4229	2100
VELF	7916	0	4848	2400	5279	2610	6519	2920	7434	3140	8795	3455
VELF	7916	0	11906	4115								
SPNT	7996		2449	-116684		7776072			5			
VELF	7996	0	2485	1485	2564	1497	2715	1522	2829	1555	3165	1590
VELF	7996	0	3262	1628	3419	1678	3636	1750	3852	1825	3933	1938
VELF	7996	0	4310	2130	5010	2465	5643	2680	6411	2905	7192	3140
VELF	7996	0	8593	3465	11946	4125						
SPNT	8076		2476	-115921		7775425			5			
VELF	8076	0	2435	1488	2578	1498	2695	1522	2829	1555	2962	1582
VELF	8076	0	3075	1595	3246	1620	3434	1675	3771	1765	4310	2040
VELF	8076	0	4660	2280	5145	2490	6007	2765	7017	3100	8418	3340
VELF	8076	0	9387	3550	11933	4060						
SPNT	8156		2503	-115153		7774785			5			
VELF	8156	0	2485	1485	2602	1502	2708	1522	2885	1572	3132	1608
VELF	8156	0	3232	1632	3389	1688	3596	1755	3752	1838	3899	1892
VELF	8156	0	4119	1992	4404	2180	4983	2495	5266	2590	5630	2700
VELF	8156	0	6034	2805	6444	2990	7286	3250	8525	3445	10451	3745
VELF	8156	0	11960	4015								
SPNT	8236		2529	-114385		7774145			5			
VELF	8236	0	2488	1488	2612	1498	2725	1525	2842	1555	2989	1595
VELF	8236	0	3205	1640	3421	1705	3731	1805	4296	2100	4455	2195
VELF	8236	0	4727	2370	5468	2770	6128	2980	6626	3130	7906	3335
VELF	8236	0	8781	3485	11852	4075						
SPNT	8316		2556	-113617		7773504			5			
VELF	8316	0	2465	1492	2589	1503	2712	1532	2825	1565	2960	1585
VELF	8316	0	3142	1618	3322	1648	3522	1738	3793	1818	4215	2040
VELF	8316	0	4530	2195	4768	2395	5145	2605	5603	2805	5899	2945
VELF	8316	0	6774	3165	8552	3455	9899	3705	11906	4105		
SPNT	8396		2583	-112848		7772866			5			
VELF	8396	0	2452	1485	2595	1502	2835	1568	3079	1605	3259	1625
VELF	8396	0	3515	1645	3758	1800	3933	1900	4310	2100	4760	2438
VELF	8396	0	5226	2730	5589	2870	6451	3040	8768	3505	11933	4150
SPNT	8476		2609	-112091		7772212			5			
VELF	8476	0	2448	1492	2599	1509	2722	1532	2809	1565	2939	1588
VELF	8476	0	3074	1620	3259	1658	3616	1792	3771	1865	4013	1995
VELF	8476	0	4404	2240	5118	2635	5549	2780	6451	3050	7987	3290
VELF	8476	0	9886	3600	11960	4005						
SPNT	8556		2636	-111317		7771578			5			
VELF	8556	0	2442	1485	2582	1505	2738	1542	2955	1605	3084	1620
VELF	8556	0	3299	1682	3434	1720	3793	1882	3876	1925	4121	2105
VELF	8556	0	4337	2285	4579	2400	5077	2635	5872	2845	6909	3085
VELF	8556	0	8431	3345	10034	3675	11879	4045				
SPNT	8636		2663	-110558		7770927			5			
VELF	8636	0	2408	1492	2495	1498	2657	1525	2775	1552	2895	1598
VELF	8636	0	3089	1625	3384	1685	3609	1820	3785	1890	3949	1978
VELF	8636	0	4444	2290	4714	2450	5091	2565	5522	2715	6209	2945
VELF	8636	0	7205	3130	8512	3350	9279	3510	10182	3750	11838	4055
SPNT	8716		2689	-19785		7770292			5			
VELF	8716	0	2395	1485	2518	1502	2668	1525	2785	1562	2925	1602
VELF	8716	0	3055	1618	3169	1652	3309	1692	3448	1775	3785	1950
VELF	8716	0	4108	2135	4337	2260	4741	2495	5158	2660	5818	2895
VELF	8716	0	6774	3155	8242	3445	9522	3630	11879	4080		
SPNT	8796		2716	-19017		7769652			5			
VELF	8796	0	2392	1490	2518	1498	2687	1533	2755	1555	2899	1598
VELF	8796	0	3044	1615	3192	1635	3367	1700	3650	1815	4081	2105
VELF	8796	0	4202	2215	4418	2370	5320	2770	6424	3050	7205	3230
VELF	8796	0	8135	3425	8848	3555	11919	4130				
SPNT	8876		2743	-18256		7769002			5			
VELF	8876	0	2362	1485	2555	1505	2734	1555	2936	1585	3138	1640
VELF	8876	0	3394	1785	3663	1925	4054	2115	4293	2255	4566	2375
VELF	8876	0	5145	2655	5980	2930	7071	3190	7811	3360	9104	3580
VELF	8876	0	11919	4105								
SPNT	8956		2769	-17491		7768360			5			
VELF	8956	0	2362	1485	2482	1492	2622	1512	2742	1538	2882	1572
VELF	8956	0	3010	1665	3125	1720	3367	1810	3556	1880	3825	1955
VELF	8956	0	4067	2095	4310	2260	4579	2395	4956	2625	5670	2855
VELF	8956	0	6424	3035	7704	3325	8444	3440	9832	3695	11933	4120
SPNT	9036		2796	-16724		7767718			5			
VELF	9036	0	2348	1485	2438	1495	2572	1510	2662	1538	2788	1580
VELF	9036	0	2972	1615	3219	1745	3717	1915	4027	2140	4418	2405
VELF	9036	0	4633	2555	4997	2705	5939	2895	7758	3300	8929	3505
VELF	9036	0	11933	4135								
SPNT	9116		2823	-15960		7767072			5			
VELF	9116	0	2345	1485	2465	1505	2565	1518	2675	1542	2835	1588
VELF	9116	0	2965	1618	3115	1668	3202	1708	3362	1768	3717	1945
VELF	9116	0	3906	2095	4404	2415	4902	2535	5374	2700	6397	3040
VELF	9116	0	7394	3275	8929	3550	11933	4150				
SPNT	9196		2849	-15193		7766431			5			
VELF	9196	0	2352	1485	2465	1505	2626	1515	2799	1578	2999	1638
VELF	9196	0	3119	1692	3239	1732	3677	1900	4054	2115	4364	2350
VELF	9196	0	4916	2560	5455	2715	6303	2990	7259	3250	8889	3605
VELF	9196	0	11879	4205								
SPNT	9276		2876	-14426		7765788			5			
VELF	9276	0	2365	1488	2539	1513	2652	1535	2765	1572	2905	1595
VELF	9276	0	3002	1625	3125	1660	3407	1755	3690	1855	4027	2095
VELF	9276	0	4364	2330	4660	2445	5455	2680	6222	2950	7636	3295
VELF	9276	0	9037	3690	11973	4230						
SPNT	9356		2903	-13662		7765145			5			
VELF	9356	0	2342	1485	2542	1512	2721	1555	2855	1620	3219	1700
VELF	9356	0	3650	1845	4040	2085	4458	2250	5104	2495	5939	2800
VELF	9356	0	6694	2995	7623	3260	8983	3655	11906	4235		
SPNT	9436		2929	-12894		7764503			5			
VELF	9436	0	2335	1488	2553	1515	2768	1575	3057	1645	3232	1735
VELF	9436	0	3492	1838	3776	1982	4215	2275	4566	2425	4768	2505
VELF	9436	0	5535	2730	6478	3035	7778	3280	8687	3490	9630	3750
VELF	9436	0	11892	4190								
SPNT	9516		2956	-12128		7763860			5			
VELF	9516	0	2332	1485	2445	1502	2655	1538	2788	1565	2959	1612
VELF	9516	0	3072	1638	3246	1725	3502	1850	3677	1945	4458	2350
VELF	9516	0	5104	2600	5589	2755	6747	3080	8323	3505	9051	3705
VELF	9516	0	11892	4230								
SPNT	9596		2983	-11356		7763224			5			
VELF	9596	0	2315	1493	2442	1498	2652	1542	2788	1580	2897	1615
VELF	9596	0	3084	1645	3340	1750	3609	1840	4189	2120	4539	2235
VELF	9596	0	4983	2435	5616	2800	6882	3185	7960	3445	9051	3700
VELF	9596	0	11960	4255								
SPNT	9676		3009	-1599		7762570			5			
VELF	9676	0	2305	1485	2465	1505	2585	1522	2708	1558	2835	1605
VELF	9676	0	3111	1645	3327	1750	3556	1805	3744	1890	3919	1995
VELF	9676	0	4229	2210	4795	2515	5104	2655	5562	2835	6195	2970
VELF	9676	0	7354	3300	8781	3750	11933	4380				
SPNT	9756		3036	-99831		7761930			5			
VELF	9756	0	2288	1485	2533	1515	2692	1562	2909	1635	3192	1688
VELF	9756	0	3322	1745	3623	1860	3909	2012	4053	2122	4323	2305
VELF	9756	0	4808	2595	5455	2765	5886	2910	6949	3245	7879	3615
VELF	9756	0	9091	3970	11919	4425						
SPNT	9836		3063	-99065		7761286			5			
VELF	9836	0	2305	1488	2505	1512	2718	1575	2852	1615	3101	1655
VELF	9836	0	3269	1718	3542	1805	3783	1918	4108	2045	4364	2250
VELF	9836	0	4579	2435	4835	2550	5199	2710	5751	2955	6976	3300
VELF	9836	0	7906	3605	9091	3850	11946	4295				
SPNT	9916		3089	-98301		7760642			5			
VELF	9916	0	2285	1488	2508	1512	2642	1552	2855	1618	3129	1685
VELF	9916	0	3302	1738	3596	1805	3865	1995	4094	2150	4364	2275
VELF	9916	0	4714	2555	5239	2740	5953	2955	7017	3245	8687	3710
VELF	9916	0	10061	3935	11892	4230						
SPNT	9996		3116	-97533		7760001			5			
VELF	9996	0	2272	1488	2415	1505	2525	1518	2747	1585	2976	1650
VELF	9996	0	3165	1715	3488	1800	4081	2135	4391	2310	4700	2400
VELF	9996	0	5158	2645	5630	2800	6680	3135	8175	3500	9091	3650
VELF	9996	0	11946	4200								
SPNT	10076		3143	-96773		7759351			5			
VELF	10076	0	2261	1488	2395	1498	2525	1518	2652	1558	2788	1600
VELF	10076	0	3052	1652	3259	1690	3434	1790	3712	1912	4175	2210
VELF	10076	0	4525	2400	5064	2700	5508	2950	6680	3155	8094	3465
VELF	10076	0	9145	3695	11946	4210						
SPNT	10156		3169	-96009		7758705			5			
VELF	10156	0	2265	1488	2368	1498	2535	1518	2748	1598	3057	1650
VELF	10156	0	3273	1740	3456	1825	3677	1925	3919	2000	4189	2145
VELF	10156	0	4566	2410	4956	2700	5684	2975	6559	3130	7367	3350
VELF	10156	0	8916	3700	11906	4270						
SPNT	10236		3196	-95237		7758070			5			
VELF	10236	0	2265	1488	2352	1495	2571	1532	2685	1579	2828	1615
VELF	10236	0	3057	1645	3346	1762	3449	1825	3960	2080	4754	2375
VELF	10236	0	5104	2630	5481	2820	5859	2950	6949	3300	7421	3395
VELF	10236	0	8189	3585	8916	3755	11906	4275				
SPNT	10316		3223	-94472		7757426			5			
VELF	10316	0	2258	1488	2382	1498	2555	1532	2645	1572	2747	1635
VELF	10316	0	2909	1645	3062	1678	3300	1735	3629	1885	3956	2052
VELF	10316	0	4202	2250	4485	2380	4970	2660	5576	2855	6505	3150
VELF	10316	0	7848	3425	8956	3700	11919	4215				
SPNT	10396		3249	-93707		7756781			5			
VELF	10396	0	2218	1493	2332	1498	2451	1515	2558	1545	2728	1595
VELF	10396	0	2882	1615	3044	1650	3219	1705	3606	1865	3973	2090
VELF	10396	0	4121	2235	4485	2395	4899	2588	5630	2900	6532	3160
VELF	10396	0	7205	3345	8202	3610	9185	3795	11933	4280		
SPNT	10476		3276	-92940		7756140			5			
VELF	10476	0	2209	1485	2338	1492	2478	1505	2588	1548	2682	1588
VELF	10476	0	2909	1635	3084	1695	3366	1792	3609	1875	3933	2000
VELF	10476	0	4148	2165	4431	2300	4862	2450	5387	2670	5966	2955
VELF	10476	0	6599	3205	7731	3455	9145	3700	11933	4220		
SPNT	10556		3303	-92175		7755497			5			
VELF	10556	0	2201	1488	2325	1498	2455	1515	2568	1548	2706	1599
VELF	10556	0	2919	1632	3072	1672	3434	1810	3623	1905	4026	2098
VELF	10556	0	4337	2300	4606	2410	4943	2600	5347	2740	6357	3125
VELF	10556	0	7300	3330	8121	3425	9104	3550	10596	3875	11970	4100
SPNT	10636		3329	-91403		7754861			5			
VELF	10636	0	2181	1488	2322	1502	2465	1518	2582	1555	2698	1598
VELF	10636	0	2842	1610	2949	1635	3222	1745	3439	1838	3731	1950
VELF	10636	0	4081	2245	4337	2385	5064	2750	5886	2995	6721	3210
VELF	10636	0	7744	3325	9064	3505	10195	3770	11946	4075		
SPNT	10716		3356	-90637		7754219			5			
VELF	10716	0	2191	1492	2368	1508	2438	1518	2558	1558	2658	1592
VELF	10716	0	2919	1635	3175	1735	3556	1890	3811	2000	4296	2300
VELF	10716	0	4606	2450	4970	2670	5360	2825	6370	3120	7232	3345
VELF	10716	0	8727	3745	11906	4305						
SPNT	10796		3383	-89879		7753566			5			
VELF	10796	0	2188	1488	2392	1512	2535	1548	2642	1595	2875	1635
VELF	10796	0	3098	1720	3259	1785	3636	1930	3946	2100	4242	2270
VELF	10796	0	4512	2455	5145	2650	5428	2780	6074	3060	7259	3355
VELF	10796	0	8808	3765	9939	3995	11946	4285				
SPNT	10876		3409	-89106		7752931			5			
VELF	10876	0	2178	1488	2315	1502	2502	1535	2642	1595	2792	1608
VELF	10876	0	2959	1665	3142	1722	3502	1895	3752	2005	3943	2108
VELF	10876	0	4283	2360	4525	2495	4822	2625	5185	2735	5468	2850
VELF	10876	0	6263	3070	6680	3150	7057	3240	8081	3705	8875	3810
VELF	10876	0	9562	3955	11892	4320						
SPNT	10956		3436	-88346		7752281			5			
VELF	10956	0	2168	1492	2268	1498	2448	1518	2625	1588	2789	1605
VELF	10956	0	2979	1655	3235	1738	3369	1798	3515	1855	3946	2060
VELF	10956	0	4242	2230	4596	2498	5226	2795	5737	2995	7138	3455
VELF	10956	0	9158	3950	11919	4370						
SPNT	11036		3463	-87571		7751650			5			
VELF	11036	0	2168	1492	2328	1505	2448	1518	2608	1578	2762	1598
VELF	11036	0	2882	1625	2990	1655	3165	1720	3429	1832	3599	1925
VELF	11036	0	3919	2065	4256	2298	4456	2452	5064	2740	5791	2950
VELF	11036	0	6465	3200	7138	3500	7892	3735	9172	3950	11987	4375
SPNT	11116		3489	-86812		7750998			5			
VELF	11116	0	2175	1492	2278	1498	2424	1510	2512	1538	2615	1582
VELF	11116	0	2782	1612	2882	1615	3111	1695	3380	1800	3623	1945
VELF	11116	0	3946	2130	4135	2220	4350	2360	4929	2655	5737	3040
VELF	11116	0	6963	3345	7475	3565	8067	3700	8875	3915	11946	4405
SPNT	11196		3516	-86041		7750361			5			
VELF	11196	0	2168	1492	2261	1498	2448	1518	2595	1578	2855	1610
VELF	11196	0	3071	1690	3268	1775	3542	1855	3879	2040	4135	2185
VELF	11196	0	4471	2365	4892	2550	5360	2790	6128	3135	6694	3375
VELF	11196	0	7569	3600	8997	3850	11906	4330				
SPNT	11276		3543	-85280		7749712			5			
VELF	11276	0	2155	1488	2285	1498	2418	1518	2608	1582	2752	1605
VELF	11276	0	2909	1625	3125	1725	3394	1815	3636	1955	3909	2128
VELF	11276	0	4283	2320	4943	2585	5684	2900	6088	3075	7003	3345
VELF	11276	0	8094	3590	9199	3750	11987	4245				
SPNT	11356		3569	-84510		7749075			5			
VELF	11356	0	2155	1492	2315	1508	2452	1532	2602	1588	2715	1602
VELF	11356	0	2895	1635	3162	1755	3372	1865	3522	1928	3852	2065
VELF	11356	0	4135	2195	4498	2440	4902	2625	5239	2730	5724	2860
VELF	11356	0	6357	2940	6694	3040	7098	3205	7949	3415	8781	3545
VELF	11356	0	10168	3885	11919	4180						
SPNT	11436		3596	-83742		7748433			5			
VELF	11436	0	2158	1492	2288	1505	2415	1522	2548	1572	2698	1598
VELF	11436	0	2832	1625	2982	1688	3105	1725	3380	1840	3586	1938
VELF	11436	0	3886	2092	4149	2222	4579	2545	5024	2755	5428	2855
VELF	11436	0	6694	3185	8067	3525	9670	3795	11946	4200		
SPNT	11516		3623	-82979		7747787			5			
VELF	11516	0	2155	1492	2249	1500	2432	1528	2535	1572	2650	1591
VELF	11516	0	2838	1630	2949	1685	3232	1765	3542	1885	3746	2002
VELF	11516	0	3933	2095	4189	2230	4566	2480	5037	2740	5495	2945
VELF	11516	0	6330	3160	7448	3535	8714	3755	11906	4395		
SPNT	11596		3649	-82210		7747148			5			
VELF	11596	0	2155	1488	2261	1502	2438	1532	2578	1585	2695	1595
VELF	11596	0	2845	1635	3002	1702	3095	1755	3434	1890	3677	1965
VELF	11596	0	3973	2145	4269	2340	4593	2455	4929	2605	5589	2935
VELF	11596	0	6357	3245	6828	3400	8727	3790	11973	4400		
SPNT	11676		3676	-81448		7746500			5			
VELF	11676	0	2148	1488	2292	1505	2405	1525	2545	1578	2839	1625
VELF	11676	0	2965	1685	3189	1755	3552	1892	4027	2090	4403	2382
VELF	11676	0	4768	2585	4968	2650	5279	2790	5724	3055	6088	3225
VELF	11676	0	6626	3400	8081	3665	9630	4035	11838	4390		
SPNT	11756		3703	-80686		7745853			5			
VELF	11756	0	2145	1488	2282	1505	2425	1528	2532	1575	2662	1592
VELF	11756	0	2845	1628	3138	1695	3286	1750	3502	1840	3717	1955
VELF	11756	0	4054	2150	4310	2345	4795	2700	5293	2950	5576	3085
VELF	11756	0	6168	3270	6882	3460	7333	3575	8768	3905	11919	4395
SPNT	11836		3729	-79914		7745217			5			
VELF	11836	0	2141	1492	2253	1498	2395	1518	2542	1572	2842	1618
VELF	11836	0	3205	1725	3327	1795	3556	1890	3783	2038	4129	2205
VELF	11836	0	4822	2655	5347	2830	5576	2955	6343	3315	8242	3800
VELF	11836	0	9684	4030	10478	4120	11919	4345				
SPNT	11916		3756	-79148		7744574			5			
VELF	11916	0	2138	1488	2248	1498	2412	1525	2545	1565	2688	1598
VELF	11916	0	2815	1618	3003	1660	3219	1725	3364	1805	3536	1892
VELF	11916	0	3709	1998	3973	2150	4243	2292	4420	2385	4848	2690
VELF	11916	0	5253	2880	5886	3145	6572	3355	7502	3605	9118	3855
VELF	11916	0	11892	4315								
SPNT	11996		3783	-78389		7743923			5			
VELF	11996	0	2131	1488	2284	1501	2428	1532	2528	1578	2862	1632
VELF	11996	0	3084	1695	3259	1765	3421	1845	3756	2038	4040	2190
VELF	11996	0	4175	2290	4444	2400	4916	2800	5414	3005	6074	3290
VELF	11996	0	7057	3600	8862	3885	11919	4390				
SPNT	12076		3809	-77625		7743278			5			
VELF	12076	0	2121	1492	2265	1502	2418	1528	2548	1578	2655	1612
VELF	12076	0	2779	1642	2942	1665	3062	1705	3346	1815	3589	1932
VELF	12076	0	3772	2022	4141	2210	4465	2390	4808	2650	5037	2800
VELF	12076	0	5428	3040	6492	3360	7421	3630	8983	3945	11946	4430
SPNT	12156		3836	-76850		7742645			5			
VELF	12156	0	2118	1488	2249	1503	2385	1522	2548	1585	2734	1620
VELF	12156	0	2929	1665	3071	1710	3273	1785	3436	1878	3785	1995
VELF	12156	0	4175	2235	4485	2410	4889	2695	5239	2920	5953	3155
VELF	12156	0	6694	3395	8202	3840	11933	4480				
SPNT	12236		3863	-76083		7742003			5			
VELF	12236	0	2131	1492	2298	1508	2435	1538	2578	1602	2728	1625
VELF	12236	0	2929	1665	3044	1710	3205	1795	3596	1985	4081	2255
VELF	12236	0	4256	2390	4848	2690	5522	3000	6855	3485	8242	3835
VELF	12236	0	11906	4475								
SPNT	12316		3889	-75328		7741348			5			
VELF	12316	0	2118	1492	2278	1505	2432	1538	2592	1612	2762	1648
VELF	12316	0	2895	1675	3009	1728	3169	1815	3296	1875	3412	1915
VELF	12316	0	3609	2002	4067	2215	4848	2505	5468	2980	6774	3500
VELF	12316	0	8040	3795	11919	4485						
SPNT	12396		3916	-74561		7740706			5			
VELF	12396	0	2088	1488	2251	1502	2372	1538	2655	1635	2842	1685
VELF	12396	0	3165	1770	3419	1885	3542	1942	3716	2028	4121	2255
VELF	12396	0	4471	2335	4875	2545	5495	3000	6316	3355	7838	3650
VELF	12396	0	11960	4420								
SPNT	12476		3943	-73781		7740080			5			
VELF	12476	0	2111	1492	2221	1502	2388	1528	2498	1572	2626	1600
VELF	12476	0	2765	1632	2997	1703	3282	1815	3499	1912	3652	1998
VELF	12476	0	3892	2200	4215	2380	4848	2805	5562	3070	6411	3350
VELF	12476	0	6923	3505	8283	3740	10061	4110	11987	4405		
SPNT	12556		3969	-73026		7739423			5			
VELF	12556	0	2108	1488	2231	1498	2357	1525	2512	1578	2752	1638
VELF	12556	0	2899	1665	3065	1718	3300	1795	3623	1950	3973	2210
VELF	12556	0	4229	2435	4822	2900	5616	3090	6505	3360	6923	3450
VELF	12556	0	7919	3675	9724	4045	11987	4395				
SPNT	12636		3996	-72265		7738774			5			
VELF	12636	0	2118	1492	2302	1515	2425	1545	2518	1578	2618	1612
VELF	12636	0	2779	1632	2922	1655	3055	1708	3262	1782	3372	1832
VELF	12636	0	3650	1930	3811	2050	4148	2205	4741	2635	5145	2830
VELF	12636	0	5522	3005	6842	3370	8094	3655	9104	3850	11973	4325
SPNT	12716		4023	-71497		7738134			5			
VELF	12716	0	2111	1492	2315	1515	2432	1545	2532	1585	2802	1632
VELF	12716	0	2952	1665	3139	1732	3367	1825	3623	1945	3752	2025
VELF	12716	0	4081	2245	4350	2430	4714	2705	4869	2770	5481	2990
VELF	12716	0	7071	3395	8189	3615	10276	3985	11892	4250		
SPNT	12796		4049	-70730		7737493			5			
VELF	12796	0	2125	1492	2295	1515	2398	1532	2532	1570	2779	1625
VELF	12796	0	3032	1685	3303	1780	3569	1875	3987	2100	4148	2200
VELF	12796	0	4606	2565	4835	2755	5657	3055	6155	3200	7057	3390
VELF	12796	0	8215	3610	9468	3800	11933	4220				
SPNT	12876		4076	-69964		7736850			5			
VELF	12876	0	2118	1492	2258	1512	2412	1532	2545	1575	2792	1632
VELF	12876	0	2936	1655	3165	1695	3380	1790	3623	1900	4013	2145
VELF	12876	0	4135	2280	4431	2460	4727	2655	4970	2790	5603	2970
VELF	12876	0	6626	3250	7259	3415	9064	3715	11946	4220		
SPNT	12956		4103	-69201		7736204			5			
VELF	12956	0	2125	1488	2325	1515	2442	1545	2558	1588	2785	1628
VELF	12956	0	3111	1715	3354	1760	3609	1890	3838	2030	4108	2160
VELF	12956	0	4512	2345	5010	2700	5468	2915	6209	3130	7111	3325
VELF	12956	0	9131	3755	11906	4230						
SPNT	13036		4129	-68446		7735548			5			
VELF	13036	0	2131	1488	2315	1512	2418	1535	2558	1588	2768	1625
VELF	13036	0	2990	1670	3192	1740	3376	1852	3529	1945	3879	2150
VELF	13036	0	4148	2385	4620	2625	5104	2805	5818	3055	6828	3420
VELF	13036	0	8889	3715	11933	4255						
SPNT	13116		4156	-67679		7734905			5			
VELF	13116	0	2128	1492	2305	1508	2415	1532	2515	1578	2650	1605
VELF	13116	0	2882	1645	3039	1708	3354	1855	4000	2130	4303	2355
VELF	13116	0	4579	2560	5232	2815	6088	3185	6747	3340	7300	3475
VELF	13116	0	9374	3810	11919	4280						
SPNT	13196		4183	-66908		7734269			5			
VELF	13196	0	2121	1492	2278	1508	2405	1535	2559	1590	2768	1625
VELF	13196	0	3052	1722	3396	1815	3532	1868	4081	2145	4350	2390
VELF	13196	0	4687	2630	5333	2900	5872	3115	6559	3320	7892	3610
VELF	13196	0	9024	3850	11865	4355						
SPNT	13276		4209	-66150		7733616			5			
VELF	13276	0	2140	1490	2395	1525	2512	1568	2628	1598	2855	1645
VELF	13276	0	3044	1705	3273	1770	3529	1880	3785	2100	4135	2310
VELF	13276	0	4633	2535	5374	2905	6114	3220	7475	3555	9253	3855
VELF	13276	0	11933	4345								
SPNT	13356		4236	-65377		7732982			5			
VELF	13356	0	2131	1492	2265	1505	2385	1525	2498	1565	2625	1592
VELF	13356	0	2752	1618	2895	1655	3030	1680	3246	1750	3529	1900
VELF	13356	0	3811	2055	4175	2260	4673	2600	5508	2995	5980	3150
VELF	13356	0	6694	3355	7057	3450	7798	3635	9886	4000	11933	4350
SPNT	13436		4263	-64606		7732346			5			
VELF	13436	0	2125	1492	2384	1525	2488	1562	2721	1610	2855	1635
VELF	13436	0	3192	1735	3354	1815	3486	1872	3722	2038	3973	2150
VELF	13436	0	4139	2265	4377	2425	4660	2555	4875	2695	5185	2860
VELF	13436	0	5630	3070	6303	3310	7030	3480	8175	3735	11973	4365
SPNT	13516		4289	-63842		7731700			5			
VELF	13516	0	2131	1492	2308	1508	2508	1562	2734	1605	3017	1680
VELF	13516	0	3162	1755	3369	1848	3529	1915	3659	1992	3823	2095
VELF	13516	0	4093	2225	4673	2600	5199	2840	5724	3025	6128	3200
VELF	13516	0	6747	3340	7219	3435	7852	3595	8620	3750	11919	4335
SPNT	13596		4316	-63072		7731062			5			
VELF	13596	0	2131	1492	2342	1515	2448	1548	2672	1598	2852	1638
VELF	13596	0	2962	1685	3246	1765	3434	1850	3582	1928	3809	2088
VELF	13596	0	4179	2272	4413	2398	4714	2555	5204	2755	5657	2945
VELF	13596	0	6492	3285	7071	3430	8593	3740	11892	4415		
SPNT	13676		4343	-62306		7730420			5			
VELF	13676	0	2118	1492	2328	1515	2382	1535	2575	1575	2705	1605
VELF	13676	0	2859	1638	3025	1698	3219	1755	3426	1865	3626	1965
VELF	13676	0	3959	2178	4193	2312	4687	2550	5589	2940	6855	3325
VELF	13676	0	7906	3660	9818	4065	11879	4435				
SPNT	13756		4369	-61539		7729777			5			
VELF	13756	0	2125	1492	2303	1515	2392	1538	2518	1565	2687	1600
VELF	13756	0	2815	1622	2959	1678	3179	1758	3326	1818	3469	1888
VELF	13756	0	3669	1998	3889	2148	4079	2245	4364	2445	4673	2590
VELF	13756	0	4956	2705	5495	2910	6074	3100	6478	3190	7017	3405
VELF	13756	0	7811	3640	9024	3905	11852	4420				
SPNT	13836		4396	-60770		7729139			5			
VELF	13836	0	2111	1488	2375	1535	2680	1585	2842	1620	3138	1705
VELF	13836	0	3286	1785	3401	1830	3569	1905	3798	2105	4108	2250
VELF	13836	0	4296	2345	4552	2485	4889	2645	5522	2890	6384	3250
VELF	13836	0	7933	3735	11892	4415						
SPNT	13916		4423	-60007		7728491			5			
VELF	13916	0	2095	1488	2239	1505	2378	1538	2632	1585	2842	1615
VELF	13916	0	3044	1690	3202	1755	3362	1818	3486	1885	3662	1995
VELF	13916	0	3946	2245	4310	2425	4714	2590	4909	2665	5441	2845
VELF	13916	0	5926	3055	6801	3400	7219	3530	8121	3715	11933	4415
SPNT	13996		4449	-59241		7727849			5			
VELF	13996	0	2085	1488	2241	1508	2368	1535	2612	1578	2815	1605
VELF	13996	0	3030	1675	3313	1800	3626	1952	3946	2195	4215	2405
VELF	13996	0	4458	2525	4902	2650	5387	2875	5966	3020	6640	3235
VELF	13996	0	7219	3400	8202	3655	9495	3900	11892	4310		
SPNT	14076		4476	-58475		7727205			5			
VELF	14076	0	2075	1492	2232	1510	2438	1555	2622	1592	2822	1632
VELF	14076	0	3042	1705	3225	1755	3421	1885	3623	2000	4040	2280
VELF	14076	0	4498	2515	4943	2690	5333	2830	5939	2995	6801	3265
VELF	14076	0	7434	3450	8310	3585	9589	3855	11933	4270		
SPNT	14156		4503	-57713		7726558			5			
VELF	14156	0	2054	1489	2348	1532	2455	1565	2592	1588	2855	1630
VELF	14156	0	3178	1725	3366	1828	3506	1922	3704	2050	4000	2205
VELF	14156	0	4296	2410	4808	2670	5199	2845	6101	3010	6680	3150
VELF	14156	0	7825	3515	9616	3905	11987	4325				
SPNT	14236		4529	-56945		7725918			5			
VELF	14236	0	2056	1490	2218	1508	2338	1528	2415	1572	2518	1608
VELF	14236	0	2819	1628	3075	1685	3246	1750	3452	1875	3744	2030
VELF	14236	0	4000	2145	4189	2305	4453	2442	4808	2700	5145	2830
VELF	14236	0	5724	2955	6370	3140	7690	3500	9643	3950	11946	4340
SPNT	14316		4556	-56182		7725272			5			
VELF	14316	0	2041	1492	2308	1518	2465	1560	2721	1595	2909	1640
VELF	14316	0	3125	1700	3289	1785	3476	1878	3785	2045	3973	2155
VELF	14316	0	4135	2295	4512	2590	5212	2860	5859	2985	6721	3245
VELF	14316	0	7569	3475	8579	3755	11892	4340				
SPNT	14396		4583	-55414		7724631			5			
VELF	14396	0	2035	1492	2322	1525	2445	1568	2635	1605	2899	1648
VELF	14396	0	3155	1745	3429	1872	3744	2005	3863	2052	4029	2158
VELF	14396	0	4516	2498	4983	2745	5279	2865	5522	2950	6397	3210
VELF	14396	0	7125	3405	8189	3690	9158	3900	11960	4365		
SPNT	14476		4609	-54649		7723987			5			
VELF	14476	0	2021	1492	2325	1525	2442	1572	2613	1585	2842	1635
VELF	14476	0	2982	1678	3313	1805	3582	1925	3783	2045	4013	2170
VELF	14476	0	4189	2270	4546	2502	4768	2600	5185	2825	5576	2950
VELF	14476	0	6195	3115	6721	3265	7071	3365	7946	3605	8997	3820
VELF	14476	0	11973	4330								
SPNT	14556		4636	-53885		7723341			5			
VELF	14556	0	2015	1491	2308	1522	2391	1549	2485	1585	2624	1605
VELF	14556	0	2832	1645	3017	1680	3169	1748	3327	1805	3461	1855
VELF	14556	0	3596	1920	3762	2012	4027	2140	4162	2250	4593	2500
VELF	14556	0	4768	2655	5320	2900	5670	3000	6384	3210	7057	3350
VELF	14556	0	7704	3500	8471	3705	9172	3835	9805	3975	11919	4320
SPNT	14636		4663	-53120		7722699			5			
VELF	14636	0	2015	1488	2322	1528	2482	1588	2622	1608	2862	1655
VELF	14636	0	3009	1695	3165	1730	3300	1785	3448	1860	3636	1955
VELF	14636	0	3818	2055	4046	2158	4269	2345	4606	2555	4943	2770
VELF	14636	0	5401	2930	5710	2995	6316	3145	6734	3300	7259	3445
VELF	14636	0	8296	3705	9481	3905	11933	4390				
SPNT	14716		4689	-52360		7722049			5			
VELF	14716	0	2015	1492	2201	1505	2358	1535	2519	1585	2752	1622
VELF	14716	0	2935	1672	3178	1755	3380	1855	3663	1995	3833	2102
VELF	14716	0	4043	2205	4202	2345	4620	2555	4816	2660	5091	2805
VELF	14716	0	5374	2935	5778	2990	6088	3095	7138	3345	8283	3660
VELF	14716	0	9562	3940	11919	4385						
SPNT	14796		4716	-51593		7721406			5			
VELF	14796	0	2008	1492	2121	1498	2231	1515	2352	1542	2498	1602
VELF	14796	0	2642	1612	2839	1655	3005	1695	3105	1728	3239	1802
VELF	14796	0	3481	1910	3690	1990	3865	2105	4083	2232	4215	2350
VELF	14796	0	4606	2550	5091	2810	5535	2945	6141	3090	7111	3315
VELF	14796	0	7933	3600	9360	3855	11919	4315				
SPNT	14876		4743	-50816		7720777			5			
VELF	14876	0	1995	1492	2165	1508	2342	1540	2468	1590	2618	1602
VELF	14876	0	2829	1652	3019	1708	3172	1768	3354	1840	3542	1910
VELF	14876	0	3852	2105	4121	2280	4404	2440	4646	2565	5010	2745
VELF	14876	0	5441	2895	5845	3075	6707	3250	7340	3455	7906	3590
VELF	14876	0	8579	3755	9279	3955	11946	4445				
SPNT	14956		4769	-50052		7720131			5			
VELF	14956	0	1991	1488	2191	1508	2328	1535	2492	1595	2638	1615
VELF	14956	0	2869	1655	3084	1725	3273	1805	3475	1905	3646	2015
VELF	14956	0	3845	2130	4121	2280	4337	2400	4593	2550	4943	2705
VELF	14956	0	5428	2900	5805	3050	6599	3255	7367	3470	9158	3945
VELF	14956	0	9603	4050	11960	4440						
SPNT	15036		4796	-49293		7719480			5			
VELF	15036	0	1991	1488	2171	1515	2298	1528	2472	1588	2758	1642
VELF	15036	0	3003	1700	3306	1835	3459	1915	3646	2002	3843	2125
VELF	15036	0	4047	2220	4209	2315	4316	2350	4593	2555	4997	2755
VELF	15036	0	5253	2845	5737	3005	6572	3280	7354	3485	9562	3860
VELF	15036	0	11933	4320								
SPNT	15116		4823	-48525		7718840			5			
VELF	15116	0	1985	1488	2191	1508	2318	1535	2448	1582	2602	1605
VELF	15116	0	2862	1665	3112	1742	3380	1845	3488	1920	3731	2035
VELF	15116	0	3876	2145	4067	2250	4229	2400	4660	2645	5091	2855
VELF	15116	0	5589	3035	6559	3270	7192	3405	8431	3630	9562	3810
VELF	15116	0	11906	4250								
SPNT	15196		4849	-47763		7718192			5			
VELF	15196	0	1980	1495	2147	1505	2305	1535	2462	1592	2585	1608
VELF	15196	0	2762	1645	3044	1710	3394	1865	3690	2000	3946	2150
VELF	15196	0	4189	2295	4552	2555	4916	2705	5374	2925	6572	3200
VELF	15196	0	7098	3345	8552	3655	9172	3800	11946	4295		
SPNT	15276		4876	-46992		7717556			5			
VELF	15276	0	1965	1492	2145	1512	2298	1538	2425	1585	2555	1608
VELF	15276	0	2801	1655	3017	1715	3138	1750	3354	1865	3512	1945
VELF	15276	0	3879	2195	4337	2450	4781	2655	5347	2875	6101	3110
VELF	15276	0	7165	3360	8013	3555	9401	3805	11933	4285		
SPNT	15356		4903	-46219		7716921			5			
VELF	15356	0	1978	1492	2145	1512	2292	1538	2397	1570	2572	1620
VELF	15356	0	2845	1658	3125	1755	3282	1848	3492	1945	3731	2030
VELF	15356	0	3892	2125	4139	2338	4337	2450	4795	2655	5347	2870
VELF	15356	0	5926	3075	7138	3290	7933	3530	9481	3805	11960	4285
SPNT	15436		4929	-45460		7716270			5			
VELF	15436	0	1951	1492	2138	1505	2290	1535	2442	1588	2552	1612
VELF	15436	0	2842	1665	3057	1730	3286	1820	3434	1900	3756	2072
VELF	15436	0	4027	2245	4377	2485	4768	2685	5185	2845	5468	2970
VELF	15436	0	6640	3255	7178	3405	8242	3655	9576	3850	11933	4315
SPNT	15516		4956	-44696		7715625			5			
VELF	15516	0	1946	1490	2105	1505	2305	1552	2435	1582	2565	1605
VELF	15516	0	2972	1712	3286	1845	3442	1928	3592	1992	3771	2055
VELF	15516	0	4054	2270	4364	2500	4646	2645	5495	2955	6599	3255
VELF	15516	0	7205	3355	7758	3495	9468	3855	11960	4320		
SPNT	15596		4983	-43932		7714980			5			
VELF	15596	0	1938	1488	2068	1502	2201	1525	2408	1588	2555	1608
VELF	15596	0	2708	1642	2992	1718	3122	1768	3291	1840	3502	1915
VELF	15596	0	3785	2030	3933	2155	4162	2305	4377	2500	4902	2760
VELF	15596	0	5374	2900	5968	3015	6451	3155	7231	3395	8283	3655
VELF	15596	0	9428	3935	11960	4390						
SPNT	15676		5009	-43166		7714337			5			
VELF	15676	0	1931	1488	2085	1502	2195	1518	2282	1538	2397	1560
VELF	15676	0	2559	1610	2808	1660	2963	1700	3138	1755	3421	1885
VELF	15676	0	3609	1995	3771	2115	3987	2215	4121	2340	4404	2515
VELF	15676	0	4714	2650	5576	2950	6451	3145	7098	3295	8067	3550
VELF	15676	0	9266	3885	11906	4390						
SPNT	15756		5036	-42399		7713695			5			
VELF	15756	0	1928	1492	2175	1518	2302	1545	2415	1585	2525	1612
VELF	15756	0	2829	1678	3030	1710	3178	1760	3354	1865	3704	2035
VELF	15756	0	4108	2340	4364	2490	4633	2595	5293	2920	5630	2995
VELF	15756	0	6007	3100	6545	3200	7273	3360	8242	3600	9118	3850
VELF	15756	0	11933	4375								
SPNT	15836		5063	-41628		7713058			5			
VELF	15836	0	1921	1492	2138	1508	2292	1542	2397	1585	2688	1632
VELF	15836	0	2825	1662	2963	1695	3125	1750	3289	1825	3434	1905
VELF	15836	0	3582	1995	3756	2112	3969	2245	4141	2340	4418	2510
VELF	15836	0	4781	2705	5239	2910	5643	3055	6114	3150	6761	3330
VELF	15836	0	7057	3450	9199	3765	11933	4285				
SPNT	15916		5089	-40868		7712408			5			
VELF	15916	0	1935	1492	2068	1505	2288	1538	2422	1585	2528	1605
VELF	15916	0	2829	1678	2975	1718	3316	1850	3686	2062	3989	2238
VELF	15916	0	4202	2375	4470	2555	4727	2640	5037	2745	5320	2890
VELF	15916	0	5805	3085	6640	3295	7205	3430	8310	3595	9414	3800
VELF	15916	0	9993	3940	11906	4280						
SPNT	15996		5116	-40105		7711762			5			
VELF	15996	0	1925	1488	2035	1498	2161	1512	2302	1545	2435	1592
VELF	15996	0	2548	1612	2778	1660	2988	1720	3232	1785	3354	1850
VELF	15996	0	3488	1920	3663	2020	3771	2090	3979	2208	4202	2335
VELF	15996	0	4471	2500	4754	2655	5320	2935	5980	3185	6680	3345
VELF	15996	0	7232	3445	8310	3605	10101	3945	11852	4225		
SPNT	16076		5143	-39333		7711126			5			
VELF	16076	0	1921	1492	2115	1505	2308	1545	2422	1585	2552	1615
VELF	16076	0	2819	1675	3003	1715	3219	1775	3407	1865	3650	2025
VELF	16076	0	3996	2245	4215	2370	4487	2495	4768	2680	5306	2925
VELF	16076	0	6034	3175	6692	3265	7205	3395	7798	3560	9212	3870
VELF	16076	0	11852	4300								
SPNT	16156		5169	-38565		7710486			5			
VELF	16156	0	1921	1492	2081	1505	2285	1542	2442	1592	2562	1612
VELF	16156	0	2715	1645	2896	1695	3044	1735	3192	1780	3354	1875
VELF	16156	0	3460	1930	3623	2040	3813	2135	4229	2360	4613	2525
VELF	16156	0	5131	2825	5468	3025	6222	3250	7165	3500	8593	3810
VELF	16156	0	9845	4010	11919	4330						
SPNT	16236		5196	-37810		779831			5			
VELF	16236	0	1905	1488	2051	1502	2175	1518	2308	1552	2522	1612
VELF	16236	0	2802	1672	3119	1768	3461	1895	3636	1995	3879	2155
VELF	16236	0	4229	2385	4394	2470	4798	2630	5279	2905	5643	3075
VELF	16236	0	6290	3355	6936	3505	7421	3615	8256	3785	9118	3925
VELF	16236	0	11852	4345								
SPNT	16316		5223	-37043		779188			5			
VELF	16316	0	1925	1488	2151	1515	2308	1552	2508	1605	2712	1640
VELF	16316	0	2869	1680	3057	1730	3219	1790	3461	1915	3582	1970
VELF	16316	0	3731	2065	4013	2250	4256	2400	4498	2550	4949	2730
VELF	16316	0	5261	2895	5643	3095	6370	3430	7152	3550	8593	3835
VELF	16316	0	9401	4010	11987	4380						
SPNT	16396		5249	-36268		778557			5			
VELF	16396	0	1918	1492	2075	1505	2308	1552	2648	1638	2962	1705
VELF	16396	0	3138	1760	3313	1820	3586	1982	3689	2072	3865	2155
VELF	16396	0	4229	2440	4795	2770	5508	3005	6424	3280	7340	3485
VELF	16396	0	9374	3875	11960	4290						
SPNT	16476		5276	-35506		777908			5			
VELF	16476	0	1921	1490	2175	1522	2330	1550	2492	1605	2758	1658
VELF	16476	0	2981	1720	3246	1800	3536	1952	3838	2130	3981	2255
VELF	16476	0	4242	2435	4741	2740	5239	2900	5684	3050	6411	3255
VELF	16476	0	7300	3520	9172	3875	11933	4315				
SPNT	16556		5303	-34739		777268			5			
VELF	16556	0	1928	1488	2091	1505	2198	1525	2312	1552	2492	1600
VELF	16556	0	2828	1650	2939	1692	3111	1740	3461	1930	3662	2048
VELF	16556	0	3839	2165	4215	2410	4485	2560	4781	2705	5158	2850
VELF	16556	0	5428	2975	6384	3270	7475	3540	9401	3895	11906	4325
SPNT	16636		5329	-33980		776616			5			
VELF	16636	0	1915	1488	2017	1503	2165	1525	2298	1545	2498	1592
VELF	16636	0	2859	1678	3071	1750	3319	1852	3461	1925	3650	2050
VELF	16636	0	3838	2150	4054	2290	4259	2425	4498	2580	4633	2655
VELF	16636	0	4808	2735	5158	2850	5939	3035	6411	3095	7231	3270
VELF	16636	0	8135	3545	9468	3805	11960	4230				
SPNT	16716		5356	-33208		775980			5			
VELF	16716	0	1925	1492	2141	1515	2312	1552	2452	1585	2612	1618
VELF	16716	0	2842	1665	3112	1772	3327	1850	3569	1965	3863	2188
VELF	16716	0	4126	2352	4283	2455	4513	2578	5199	2810	5576	2930
VELF	16716	0	6141	3170	6451	3320	7125	3420	9414	3805	11919	4230
SPNT	16796		5383	-32442		775338			5			
VELF	16796	0	1915	1488	2151	1518	2276	1545	2412	1572	2774	1640
VELF	16796	0	3052	1738	3313	1855	3446	1925	3690	2045	3865	2165
VELF	16796	0	4081	2255	4350	2445	4552	2600	4795	2715	5306	2955
VELF	16796	0	5832	3125	6680	3450	8162	3690	9374	3935	11825	4315
SPNT	16876		5409	-31672		774700			5			
VELF	16876	0	1911	1492	2078	1512	2278	1545	2425	1572	2675	1622
VELF	16876	0	2872	1672	3125	1755	3406	1905	3546	1978	3811	2125
VELF	16876	0	3946	2195	4229	2375	4364	2520	4865	2770	5320	2960
VELF	16876	0	6034	3200	6599	3340	6963	3460	8162	3795	9495	4085
VELF	16876	0	11906	4420								
SPNT	16956		5436	-30912		774049			5			
VELF	16956	0	1918	1492	2151	1518	2245	1538	2442	1568	2722	1628
VELF	16956	0	2905	1685	3159	1785	3282	1842	3406	1912	3592	1998
VELF	16956	0	3889	2182	4303	2475	4551	2592	5333	2935	6007	3145
VELF	16956	0	7232	3440	8121	3695	9468	4050	11892	4425		
SPNT	17036		5463	-30148		773404			5			
VELF	17036	0	1911	1492	2105	1512	2245	1538	2452	1565	2882	1675
VELF	17036	0	3155	1782	3502	1940	3785	2105	4094	2295	4353	2478
VELF	17036	0	4553	2572	5306	2900	6370	3225	7030	3415	8162	3700
VELF	17036	0	9428	3960	11946	4365						
SPNT	17116		5489	-29382		772761			5			
VELF	17116	0	1915	1488	2058	1505	2261	1535	2458	1572	2825	1652
VELF	17116	0	2979	1698	3165	1770	3300	1835	3475	1925	3729	2102
VELF	17116	0	3899	2212	4283	2450	4571	2600	5226	2920	5374	2995
VELF	17116	0	5778	3105	6438	3245	7138	3430	8444	3700	9401	3905
VELF	17116	0	11906	4325								
SPNT	17196		5516	-28609		772127			5			
VELF	17196	0	1925	1492	2051	1505	2255	1535	2458	1565	2705	1605
VELF	17196	0	2855	1645	3138	1755	3502	1930	3754	2110	4099	2285
VELF	17196	0	4276	2450	4391	2550	4795	2795	5239	3015	5630	3155
VELF	17196	0	5926	3205	6586	3345	7690	3550	8970	3790	11906	4320
SPNT	17276		5543	-27844		771482			5			
VELF	17276	0	1928	1488	2044	1503	2245	1532	2478	1572	2795	1635
VELF	17276	0	2955	1680	3178	1775	3515	1925	3762	2088	4081	2255
VELF	17276	0	4296	2425	4444	2545	4808	2740	5293	3010	5643	3105
VELF	17276	0	6088	3225	6545	3295	7273	3450	8135	3625	11946	4320
SPNT	17356		5569	-27078		77839			5			
VELF	17356	0	1918	1492	2058	1505	2225	1532	2492	1578	2785	1632
VELF	17356	0	2955	1688	3165	1778	3448	1930	3632	2012	3771	2115
VELF	17356	0	3919	2190	4081	2295	4296	2415	4471	2555	4727	2700
VELF	17356	0	4970	2895	5481	3055	6061	3215	6505	3320	7017	3455
VELF	17356	0	8175	3665	9724	3910	11960	4280				
SPNT	17436		5596	-26316		77192			5			
VELF	17436	0	1935	1488	2221	1528	2424	1570	2707	1615	2923	1665
VELF	17436	0	3192	1755	3475	1925	3669	2028	3914	2200	4096	2325
VELF	17436	0	4456	2562	4889	2800	5091	2925	5670	3090	6505	3325
VELF	17436	0	7380	3520	8229	3675	9091	3855	11906	4320		
SPNT	17516		5623	-25548		7699552			5			
VELF	17516	0	1925	1488	2195	1525	2365	1555	2652	1605	2882	1650
VELF	17516	0	3071	1725	3259	1825	3439	1935	3663	2095	4175	2425
VELF	17516	0	4613	2670	5051	2900	5684	3050	6515	3230	7407	3455
VELF	17516	0	9131	3820	11946	4310						
SPNT	17596		5649	-24781		7698910			5			
VELF	17596	0	1921	1492	2003	1498	2207	1525	2362	1552	2502	1572
VELF	17596	0	2695	1625	2828	1660	3030	1715	3205	1780	3556	1935
VELF	17596	0	3785	2125	4108	2360	4604	2655	4835	2755	5387	2950
VELF	17596	0	5993	3155	6519	3280	7192	3400	9172	3745	11946	4255
SPNT	17676		5676	-24016		7698266			5			
VELF	17676	0	1925	1492	2111	1518	2238	1528	2332	1550	2552	1578
VELF	17676	0	2779	1645	3049	1755	3178	1805	3327	1865	3529	1955
VELF	17676	0	3798	2045	3897	2160	4162	2400	4566	2660	4848	2770
VELF	17676	0	5279	2925	5643	3000	5939	3095	6478	3195	6976	3295
VELF	17676	0	7973	3455	9306	3755	11933	4260				
SPNT	17756		5703	-23240		7697634			5			
VELF	17756	0	1918	1492	2091	1512	2236	1530	2525	1572	2694	1595
VELF	17756	0	2855	1620	3084	1680	3273	1800	3429	1922	3582	1975
VELF	17756	0	3796	2075	4121	2320	4566	2580	4997	2825	5657	3025
VELF	17756	0	5939	3095	6680	3235	8323	3575	9266	3855	11919	4360
SPNT	17836		5729	-22477		7696988			5			
VELF	17836	0	1918	1492	2111	1518	2272	1538	2412	1565	2582	1588
VELF	17836	0	2782	1642	2899	1685	3089	1775	3259	1865	3367	1930
VELF	17836	0	3569	2045	3809	2208	4006	2325	4159	2425	4646	2700
VELF	17836	0	5010	2850	5616	2985	6559	3255	7448	3510	8350	3745
VELF	17836	0	9360	3970	11933	4460						
SPNT	17916		5756	-21708		7696348			5			
VELF	17916	0	1925	1492	2025	1505	2175	1528	2384	1550	2675	1612
VELF	17916	0	2859	1672	3072	1765	3232	1845	3422	1942	3677	2045
VELF	17916	0	4121	2340	4391	2545	4646	2750	5037	2900	5832	3090
VELF	17916	0	6586	3235	7205	3465	8296	3705	9630	4005	11933	4380
SPNT	17996		5783	-20941		7695707			5			
VELF	17996	0	1908	1488	2188	1528	2415	1555	2618	1598	2842	1655
VELF	17996	0	3132	1798	3421	1910	3577	1970	3737	2035	4116	2370
VELF	17996	0	4413	2545	4700	2700	5024	2855	5576	3005	5966	3100
VELF	17996	0	6545	3250	8310	3715	9697	4010	11811	4350		
SPNT	18076		5809	-20178		7695060			5			
VELF	18076	0	1912	1490	2178	1525	2332	1545	2544	1580	2695	1615
VELF	18076	0	2875	1680	3102	1778	3313	1855	3475	1955	3731	2075
VELF	18076	0	3987	2245	4141	2350	4364	2470	4781	2705	5051	2850
VELF	18076	0	5562	3010	5845	3100	6290	3205	7192	3400	8215	3555
VELF	18076	0	10384	4020	11946	4270						
SPNT	18156		5836	-19413		7694416			5			
VELF	18156	0	1918	1492	2188	1522	2418	1558	2552	1585	2725	1632
VELF	18156	0	2885	1685	3148	1790	3340	1885	3771	2100	4148	2345
VELF	18156	0	4579	2655	5091	2925	5562	3110	7017	3430	7973	3535
VELF	18156	0	9414	3765	11973	4210						
SPNT	18236		5863	-18653		7693767			5			
VELF	18236	0	1918	1488	2030	1505	2205	1528	2577	1585	2735	1625
VELF	18236	0	2896	1680	3205	1828	3545	2010	3798	2130	4013	2240
VELF	18236	0	4135	2335	4377	2465	4822	2830	5104	2930	5562	3115
VELF	18236	0	5960	3175	6572	3330	7178	3490	9199	3815	10438	4060
VELF	18236	0	11852	4295								
SPNT	18316		5889	-17883		7693129			5			
VELF	18316	0	1915	1492	2245	1535	2458	1575	2692	1622	2955	1712
VELF	18316	0	3286	1845	3582	2005	3879	2200	4229	2410	4471	2555
VELF	18316	0	4806	2765	5239	2955	5549	3050	6007	3150	7003	3450
VELF	18316	0	9239	3825	11906	4280						
SPNT	18396		5916	-17112		7692492			5			
VELF	18396	0	1908	1492	2221	1532	2368	1558	2582	1598	2812	1655
VELF	18396	0	2969	1712	3259	1840	3569	1995	3838	2190	4057	2360
VELF	18396	0	4184	2415	4798	2760	5226	2955	5886	3170	6747	3365
VELF	18396	0	7475	3555	9253	3840	10074	4035	11892	4370		
SPNT	18476		5943	-16343		7691852			5			
VELF	18476	0	1905	1488	2228	1532	2502	1572	2768	1638	2980	1705
VELF	18476	0	3316	1865	3582	2000	3771	2105	3933	2265	4175	2420
VELF	18476	0	4781	2785	5212	3000	5535	3110	6141	3255	6801	3405
VELF	18476	0	8444	3750	9468	3910	11906	4380				
SPNT	18556		5969	-15575		7691212			5			
VELF	18556	0	1911	1492	2007	1500	2161	1522	2405	1558	2616	1590
VELF	18556	0	2955	1702	3111	1765	3327	1870	3596	2000	3813	2125
VELF	18556	0	3948	2240	4148	2350	4485	2615	4795	2750	5236	2955
VELF	18556	0	5697	3150	6074	3270	6990	3460	8364	3705	9966	4025
VELF	18556	0	11879	4385								
SPNT	18636		5996	-14812		7690566			5			
VELF	18636	0	1925	1492	2108	1508	2214	1520	2528	1562	2682	1608
VELF	18636	0	2976	1705	3232	1820	3704	2070	3960	2215	4215	2385
VELF	18636	0	4550	2648	5185	3045	5508	3195	5993	3300	6869	3450
VELF	18636	0	8040	3650	9455	3950	11906	4385				
SPNT	18716		6023	-14046		7689923			5			
VELF	18716	0	1940	1495	2155	1520	2332	1535	2522	1562	2668	1602
VELF	18716	0	2792	1635	2949	1690	3286	1840	3529	1955	3744	2095
VELF	18716	0	4067	2320	4485	2575	4727	2785	5077	2990	5320	3105
VELF	18716	0	5603	3255	6182	3365	7057	3470	7879	3635	9306	3915
VELF	18716	0	11906	4395								
SPNT	18796		6049	-13279		7689281			5			
VELF	18796	0	1945	1492	2161	1515	2305	1525	2455	1548	2601	1580
VELF	18796	0	2785	1645	2963	1705	3165	1805	3394	1900	3677	2030
VELF	18796	0	4121	2260	4431	2525	4673	2650	5051	2900	5455	3065
VELF	18796	0	5805	3165	6438	3360	7731	3565	9118	3855	10290	4095
VELF	18796	0	11892	4370								
SPNT	18876		6076	-12522		7688627			5			
VELF	18876	0	1945	1488	2158	1508	2322	1525	2482	1558	2788	1645
VELF	18876	0	2955	1718	3125	1790	3380	1915	3650	2130	3811	2245
VELF	18876	0	4094	2400	4431	2635	4660	2755	5104	2940	5751	3140
VELF	18876	0	6370	3300	7785	3580	9643	3940	11919	4345		
SPNT	18956		6103	-11750		7687992			5			
VELF	18956	0	1931	1492	2138	1512	2342	1528	2482	1562	2645	1605
VELF	18956	0	2828	1660	3182	1825	3394	1930	3652	2085	3929	2255
VELF	18956	0	4420	2612	4754	2830	5064	2985	5859	3160	6424	3300
VELF	18956	0	7340	3490	9495	3930	11946	4365				
SPNT	19036		6129	-10991		7687341			5			
VELF	19036	0	1946	1490	2265	1525	2392	1538	2572	1580	2788	1660
VELF	19036	0	2922	1718	3224	1850	3416	1968	3566	2058	3785	2230
VELF	19036	0	4054	2405	4364	2645	4620	2800	5091	3005	5670	3155
VELF	19036	0	6263	3280	7044	3460	7987	3670	9495	3940	11946	4375
SPNT	19116		6156	-10216		7686708			5			
VELF	19116	0	1948	1488	2151	1512	2345	1532	2502	1575	2625	1618
VELF	19116	0	2819	1685	3125	1818	3421	1940	3749	2168	3876	2262
VELF	19116	0	4076	2382	4369	2580	4781	2765	5199	3010	5603	3155
VELF	19116	0	6828	3425	7717	3600	8956	3855	11879	4375		
SPNT	19196		6183	-9450		7686066			5			
VELF	19196	0	1945	1492	2151	1505	2335	1528	2601	1615	2772	1672
VELF	19196	0	3055	1795	3394	1970	3737	2150	4049	2362	4404	2625
VELF	19196	0	5172	2975	5616	3140	6061	3245	6505	3320	7044	3400
VELF	19196	0	7569	3500	8714	3710	9441	3870	11919	4355		
SPNT	19276		6209	-8685		7685422			5			
VELF	19276	0	1961	1488	2105	1505	2272	1518	2385	1545	2655	1642
VELF	19276	0	2839	1705	3052	1792	3242	1882	3582	2040	3987	2305
VELF	19276	0	4431	2600	5077	2950	5670	3170	6869	3445	8956	3765
VELF	19276	0	11906	4365								
SPNT	19356		6236	-7924		7684773			5			
VELF	19356	0	1938	1488	2138	1508	2282	1525	2424	1560	2572	1602
VELF	19356	0	2862	1705	3057	1770	3246	1845	3529	2045	3825	2145
VELF	19356	0	4101	2400	4444	2620	5010	2970	5347	3240	6047	3450
VELF	19356	0	7407	3610	8646	3710	9455	3850	11960	4335		
SPNT	19436		6263	-7156		7684133			5			
VELF	19436	0	1941	1488	2188	1508	2405	1545	2532	1575	2668	1628
VELF	19436	0	2882	1710	3098	1800	3313	1875	3639	2082	3933	2240
VELF	19436	0	4485	2680	5037	3045	5226	3155	5643	3345	6411	3505
VELF	19436	0	7502	3665	9374	3865	11919	4320				
SPNT	19516		6289	-6392		7683488			5			
VELF	19516	0	1951	1492	2188	1508	2357	1530	2498	1572	2685	1645
VELF	19516	0	3009	1765	3219	1858	3380	1930	3609	2045	3879	2220
VELF	19516	0	4121	2425	4323	2585	4606	2800	4997	3000	5414	3205
VELF	19516	0	5845	3290	7030	3450	8916	3815	9414	3905	10923	4215
VELF	19516	0	11865	4360								
SPNT	19596		6316	-5629		7682842			5			
VELF	19596	0	1938	1492	2115	1502	2357	1520	2640	1620	3012	1752
VELF	19596	0	3232	1895	3650	2070	3946	2350	4323	2610	4646	2860
VELF	19596	0	5441	3160	5805	3345	6815	3465	8121	3605	9293	3800
VELF	19596	0	11825	4305								
SPNT	19676		6343	-4865		7682196			5			
VELF	19676	0	1948	1488	2121	1502	2362	1535	2552	1585	2708	1655
VELF	19676	0	2985	1758	3165	1838	3419	1958	3663	2095	3833	2185
VELF	19676	0	4173	2412	4394	2615	4606	2800	5387	3090	6114	3315
VELF	19676	0	7017	3450	9037	3750	11946	4305				
SPNT	19756		6369	-4102		7681550			5			
VELF	19756	0	1955	1492	2138	1508	2345	1528	2515	1578	2682	1638
VELF	19756	0	2869	1725	3259	1865	3436	2012	3771	2225	4377	2545
VELF	19756	0	4660	2795	5333	3100	5832	3290	6801	3480	8000	3615
VELF	19756	0	9051	3785	11973	4300						
SPNT	19836		6396	-3328		7680916			5			
VELF	19836	0	1961	1492	2081	1498	2215	1512	2424	1545	2680	1640
VELF	19836	0	2875	1725	3084	1825	3746	2168	4106	2408	4420	2672
VELF	19836	0	5091	3025	5845	3310	6168	3400	7044	3540	9441	3830
VELF	19836	0	11973	4285								
SPNT	19916		6423	-2565		7680270			5			
VELF	19916	0	1961	1492	2095	1498	2215	1512	2362	1532	2462	1565
VELF	19916	0	2613	1615	2882	1730	3059	1822	3219	1890	3502	2015
VELF	19916	0	3798	2210	4162	2430	4413	2628	4727	2865	5185	3060
VELF	19916	0	5818	3250	7811	3650	9481	3830	11933	4285		
SPNT	19996		6449	-1795		7679633			5			
VELF	19996	0	1988	1490	2165	1502	2372	1535	2640	1610	3057	1805
VELF	19996	0	3292	1948	3582	2155	3865	2395	4364	2650	4768	2875
VELF	19996	0	5360	3115	5859	3250	6613	3420	7138	3490	8148	3655
VELF	19996	0	9481	3845	11946	4295						
SPNT	20076		6476	-1037		7678980			5			
VELF	20076	0	1968	1492	2185	1502	2330	1520	2458	1555	2626	1595
VELF	20076	0	2782	1672	3012	1788	3286	1935	3677	2230	4040	2480
VELF	20076	0	4310	2690	4525	2795	4956	2950	6572	3425	7717	3630
VELF	20076	0	9508	3900	11892	4325						
SPNT	20156		6503	-266		7678342			5			
VELF	20156	0	1975	1492	2188	1505	2295	1518	2424	1555	2626	1625
VELF	20156	0	2728	1665	3049	1825	3229	1912	3394	2000	3616	2138
VELF	20156	0	3879	2305	4175	2505	4471	2700	4902	2850	5293	3045
VELF	20156	0	6020	3250	6653	3465	7138	3540	8067	3700	9414	3905
VELF	20156	0	11892	4330								
SPNT	20236		6529	498		7677697			5			
VELF	20236	0	1981	1492	2168	1502	2385	1545	2575	1602	2718	1658
VELF	20236	0	2959	1758	3102	1835	3446	2025	3717	2135	3933	2285
VELF	20236	0	4135	2495	4498	2670	4714	2895	5145	3030	5859	3155
VELF	20236	0	6640	3325	7798	3645	10168	3950	11933	4255		
SPNT	20316		6556	1268		7677058			5			
VELF	20316	0	1981	1495	2203	1508	2355	1535	2558	1592	2753	1665
VELF	20316	0	2979	1765	3144	1865	3369	1975	3619	2112	3796	2228
VELF	20316	0	4039	2392	4377	2580	4673	2830	5051	2955	5805	3145
VELF	20316	0	7071	3400	9535	3845	11919	4235				
SPNT	20396		6583	2047		7676432			5			
VELF	20396	0	1981	1492	2141	1505	2275	1518	2528	1585	2732	1642
VELF	20396	0	2982	1738	3286	1905	3656	2112	3811	2195	4049	2405
VELF	20396	0	4323	2655	4633	2810	5239	3090	6640	3525	8296	3785
VELF	20396	0	10141	4040	11946	4310						
SPNT	20476		6609	2805		7675779			5			
VELF	20476	0	2005	1490	2148	1498	2308	1512	2505	1565	2728	1645
VELF	20476	0	2939	1735	3219	1870	3422	2012	3623	2120	3852	2260
VELF	20476	0	4067	2485	4512	2835	5091	3160	5899	3420	6626	3610
VELF	20476	0	8525	3880	11906	4405						
SPNT	20556		6636	3571		7675135			5			
VELF	20556	0	2021	1488	2238	1505	2355	1528	2675	1628	2932	1725
VELF	20556	0	3145	1822	3253	1880	3602	2088	3839	2265	4054	2400
VELF	20556	0	4512	2690	4700	2840	5172	3050	5966	3350	6842	3595
VELF	20556	0	9091	3905	11946	4370						
SPNT	20636		6663	4337		7674493			5			
VELF	20636	0	2022	1498	2291	1515	2618	1613	2889	1705	3057	1775
VELF	20636	0	3286	1880	3650	2100	3973	2248	4404	2545	5185	2995
VELF	20636	0	5993	3300	6909	3550	9253	3955	11892	4390		
SPNT	20716		6689	5102		7673849			5			
VELF	20716	0	2021	1488	2185	1498	2303	1510	2451	1555	2622	1608
VELF	20716	0	2762	1662	2932	1752	3071	1815	3327	1930	3529	2020
VELF	20716	0	3690	2110	3987	2185	4162	2325	4566	2660	5266	3060
VELF	20716	0	6101	3305	7461	3695	9118	3995	11879	4455		
SPNT	20796		6716	5873		7673212			5			
VELF	20796	0	2031	1488	2168	1498	2272	1508	2398	1535	2525	1568
VELF	20796	0	2782	1665	2939	1730	3132	1822	3222	1858	3488	2015
VELF	20796	0	3798	2170	4175	2410	4404	2600	4714	2805	5131	3030
VELF	20796	0	5899	3250	7017	3575	7798	3765	11892	4465		
SPNT	20876		6743	6639		7672570			5			
VELF	20876	0	2041	1488	2195	1498	2358	1518	2575	1572	2775	1658
VELF	20876	0	2955	1725	3092	1795	3249	1865	3502	2000	3677	2105
VELF	20876	0	3852	2195	4310	2445	4620	2750	4916	2885	5670	3170
VELF	20876	0	7273	3505	8970	3895	11973	4400				
SPNT	20956		6769	7397		7671917			5			
VELF	20956	0	2031	1492	2355	1515	2575	1568	2712	1618	2881	1695
VELF	20956	0	3069	1768	3279	1898	3506	2048	3852	2250	4101	2400
VELF	20956	0	4552	2650	4795	2800	5212	3000	6263	3295	7165	3515
VELF	20956	0	8822	3880	11987	4415						
SPNT	21036		6796	8165		7671277			5			
VELF	21036	0	2035	1488	2221	1508	2392	1525	2572	1565	2658	1605
VELF	21036	0	2802	1655	2979	1725	3142	1795	3472	2005	3676	2135
VELF	21036	0	3939	2292	4106	2385	4273	2495	4620	2645	5360	2975
VELF	21036	0	6801	3355	9172	3870	11946	4335				
SPNT	21116		6823	8936		7670640			5			
VELF	21116	0	2048	1488	2178	1498	2404	1530	2502	1548	2694	1605
VELF	21116	0	2822	1662	2976	1720	3125	1790	3354	1905	3476	1988
VELF	21116	0	3650	2095	3892	2225	4242	2480	4768	2740	5374	2995
VELF	21116	0	6936	3430	8808	3800	11973	4335				
SPNT	21196		6849	9704		7670000			5			
VELF	21196	0	2041	1488	2185	1498	2338	1518	2555	1555	2775	1642
VELF	21196	0	3069	1768	3229	1855	3434	1975	3704	2140	3893	2245
VELF	21196	0	4418	2575	5684	3100	6828	3380	7596	3505	8889	3755
VELF	21196	0	11973	4305								
SPNT	21276		6876	10465		7669350			5			
VELF	21276	0	2048	1488	2308	1515	2586	1560	2772	1628	3019	1732
VELF	21276	0	3229	1828	3376	1928	3506	2005	3657	2080	3848	2165
VELF	21276	0	4040	2300	4364	2500	5306	2905	5886	3095	6734	3355
VELF	21276	0	9360	3800	11933	4270						
SPNT	21356		6903	11239		7668718			5			
VELF	21356	0	2048	1488	2215	1498	2422	1528	2658	1578	2775	1635
VELF	21356	0	3019	1718	3232	1832	3342	1902	3596	2010	3758	2155
VELF	21356	0	4027	2290	4418	2485	4862	2765	5104	2905	5468	3025
VELF	21356	0	6788	3395	9024	3815	11946	4315				
SPNT	21436		6929	11995		7668062			5			
VELF	21436	0	2055	1488	2315	1515	2428	1528	2528	1548	2705	1612
VELF	21436	0	2875	1668	3049	1735	3439	1952	3616	2062	3809	2175
VELF	21436	0	4148	2325	4646	2665	5293	2985	6101	3205	7259	3495
VELF	21436	0	8781	3730	10586	4100	11960	4325				
SPNT	21516		6956	12761		7667419			5			
VELF	21516	0	2041	1488	2315	1515	2528	1548	2788	1620	3062	1742
VELF	21516	0	3189	1802	3542	2020	3811	2160	3973	2265	4296	2405
VELF	21516	0	4727	2700	5226	2905	5939	3095	7502	3495	9199	3860
VELF	21516	0	11933	4325								
SPNT	21596		6983	13534		7666785			5			
VELF	21596	0	2039	1490	2238	1513	2443	1530	2638	1585	2789	1642
VELF	21596	0	2945	1692	3079	1745	3310	1850	3462	1975	3592	2052
VELF	21596	0	3839	2172	4081	2320	4431	2545	4768	2705	5643	3005
VELF	21596	0	6168	3200	6842	3405	8108	3645	9468	3905	11919	4330
SPNT	21676		7009	14307		7666151			5			
VELF	21676	0	2055	1488	2225	1505	2385	1525	2585	1572	2668	1608
VELF	21676	0	2829	1662	3111	1730	3340	1870	3515	1945	3636	2048
VELF	21676	0	4229	2365	4552	2565	5104	2835	5710	3030	6896	3390
VELF	21676	0	7771	3595	9670	3955	11960	4300				
SPNT	21756		7036	15063		7665496			5			
VELF	21756	0	2061	1488	2248	1508	2451	1535	2595	1568	2762	1622
VELF	21756	0	3111	1735	3282	1862	3462	1962	3623	2060	3852	2140
VELF	21756	0	4121	2250	4296	2360	4943	2745	5441	2935	6290	3235
VELF	21756	0	6949	3445	8781	3795	9859	3990	11906	4310		
SPNT	21836		7063	15830		7664854			5			
VELF	21836	0	2058	1488	2198	1495	2397	1520	2519	1540	2658	1582
VELF	21836	0	2855	1640	3112	1742	3292	1842	3439	1942	3676	2072
VELF	21836	0	3852	2185	4350	2425	4822	2650	5697	3070	6774	3345
VELF	21836	0	8162	3625	10694	4050	11973	4245				
SPNT	21916		7089	16605		7664223			5			
VELF	21916	0	2091	1488	2358	1515	2548	1552	2668	1585	2945	1675
VELF	21916	0	3232	1775	3470	1955	3642	2058	3879	2225	4256	2450
VELF	21916	0	4687	2645	4983	2805	5657	3090	6074	3210	6842	3410
VELF	21916	0	7636	3555	8700	3800	11933	4355				
SPNT	21996		7116	17373		7663582			5			
VELF	21996	0	2091	1488	2412	1522	2712	1595	2985	1702	3195	1785
VELF	21996	0	3492	1958	3771	2105	4176	2318	4835	2685	5306	2905
VELF	21996	0	5939	3255	6316	3355	7259	3540	8525	3810	9630	3990
VELF	21996	0	11892	4370								
SPNT	22076		7143	18136		7662936			5			
VELF	22076	0	2098	1492	2261	1502	2398	1515	2568	1555	2748	1608
VELF	22076	0	2928	1675	3062	1728	3296	1822	3469	1922	3690	2025
VELF	22076	0	3960	2200	4175	2345	4835	2730	5104	2875	5939	3215
VELF	22076	0	7003	3510	8687	3850	11852	4385				
SPNT	22156		7169	18903		7662294			5			
VELF	22156	0	2121	1492	2292	1502	2438	1510	2575	1548	2752	1595
VELF	22156	0	2865	1642	3071	1720	3205	1785	3436	1892	3582	1955
VELF	22156	0	3811	2080	4108	2290	4269	2350	4539	2530	5253	2905
VELF	22156	0	5939	3190	6519	3355	7340	3615	9684	4025	11906	4390
SPNT	22236		7196	19668		7661649			5			
VELF	22236	0	2118	1488	2385	1508	2515	1532	2712	1582	2842	1615
VELF	22236	0	2976	1670	3232	1780	3488	1925	3677	2025	3879	2175
VELF	22236	0	4162	2300	4391	2400	4768	2640	5185	2905	5630	3115
VELF	22236	0	6330	3400	6963	3600	8700	3835	9778	4005	11919	4375
SPNT	22316		7223	20435		7661008			5			
VELF	22316	0	2135	1492	2255	1498	2485	1515	2648	1558	2765	1602
VELF	22316	0	2979	1668	3219	1750	3616	1972	3946	2120	4176	2272
VELF	22316	0	4495	2460	4781	2690	5091	2865	5535	3110	6168	3390
VELF	22316	0	6788	3550	7906	3750	8795	3850	9764	3950	11919	4290
SPNT	22396		7249	21201		7660366			5			
VELF	22396	0	2168	1488	2388	1508	2559	1520	2721	1565	2963	1650
VELF	22396	0	3195	1755	3380	1840	3649	1975	4040	2155	4269	2285
VELF	22396	0	4471	2405	4970	2655	5333	2905	5614	3102	6586	3535
VELF	22396	0	7690	3760	9293	4000	11946	4380				
SPNT	22476		7276	21967		7659723			5			
VELF	22476	0	2181	1488	2415	1508	2548	1522	2715	1562	2896	1600
VELF	22476	0	3125	1705	3367	1810	3596	1915	3852	2060	4067	2190
VELF	22476	0	4673	2500	4970	2710	5535	3035	6411	3395	8862	3860
VELF	22476	0	10451	4070	11906	4290						
SPNT	22556		7303	22735		7659082			5			
VELF	22556	0	2198	1488	2428	1512	2565	1528	2712	1555	2885	1615
VELF	22556	0	3283	1770	3421	1820	3546	1895	3690	1970	4081	2160
VELF	22556	0	4350	2290	4579	2400	4943	2695	5199	2890	5576	3095
VELF	22556	0	6478	3390	7475	3645	9037	3885	11906	4340		
SPNT	22636		7329	23499		7658437			5			
VELF	22636	0	2221	1492	2338	1502	2472	1515	2725	1548	2909	1612
VELF	22636	0	3112	1702	3389	1815	3569	1900	3759	2022	3906	2125
VELF	22636	0	4183	2265	4552	2415	4822	2590	5293	2900	5939	3210
VELF	22636	0	6519	3480	7219	3680	8593	3960	9872	4190	11933	4465
SPNT	22716		7356	24262		7657790			5			
VELF	22716	0	2255	1492	2347	1498	2535	1518	2732	1548	2892	1595
VELF	22716	0	3079	1675	3327	1760	3542	1875	3852	2035	4202	2240
VELF	22716	0	4458	2380	4700	2545	5320	2930	5872	3110	6949	3505
VELF	22716	0	8162	3765	9643	4005	11973	4350				
SPNT	22796		7383	25030		7657150			5			
VELF	22796	0	2275	1488	2418	1502	2542	1515	2702	1542	2855	1570
VELF	22796	0	3025	1638	3313	1735	3589	1908	3892	2055	4256	2240
VELF	22796	0	4646	2415	5104	2690	5562	2940	6303	3235	7111	3555
VELF	22796	0	8431	3825	11865	4345						
SPNT	22876		7409	25801		7656512			5			
VELF	22876	0	2282	1488	2408	1498	2519	1500	2734	1530	2939	1592
VELF	22876	0	3138	1665	3407	1775	3609	1875	3766	1995	4000	2095
VELF	22876	0	4175	2190	4350	2295	4902	2755	5549	3095	8135	3740
VELF	22876	0	9643	4035	11946	4385						
SPNT	22956		7436	26550		7655850			5			
VELF	22956	0	2298	1488	2455	1498	2618	1528	2825	1555	2945	1588
VELF	22956	0	3219	1670	3382	1798	3663	1910	4067	2150	4283	2292
VELF	22956	0	4476	2412	4673	2590	4902	2755	5562	3085	6869	3400
VELF	22956	0	8862	3825	11892	4345						
SPNT	23036		7463	27318		7655210			5			
VELF	23036	0	2302	1492	2435	1498	2548	1512	2638	1535	2815	1552
VELF	23036	0	2975	1592	3125	1648	3394	1755	3623	1855	3829	1998
VELF	23036	0	4067	2140	4223	2278	4656	2545	5428	2845	5751	3025
VELF	23036	0	6114	3195	6747	3365	7852	3650	9697	3980	11987	4320
SPNT	23116		7489	28087		7654570			5			
VELF	23116	0	2298	1488	2582	1518	2675	1538	2855	1558	3032	1612
VELF	23116	0	3239	1702	3394	1755	3626	1875	3779	1968	4040	2130
VELF	23116	0	4364	2330	4633	2470	5051	2715	5630	3005	6209	3265
VELF	23116	0	6761	3455	7825	3750	9832	4095	11933	4375		
SPNT	23196		7516	28850		7653923			5			
VELF	23196	0	2298	1488	2482	1498	2628	1532	2915	1565	3039	1608
VELF	23196	0	3349	1738	3596	1858	3756	1932	4162	2265	4687	2565
VELF	23196	0	5266	2800	5980	3130	7125	3520	8727	3935	11960	4445
SPNT	23276		7543	29614		7653279			5			
VELF	23276	0	2298	1488	2435	1498	2562	1512	2675	1538	2929	1572
VELF	23276	0	3084	1615	3246	1660	3407	1730	3690	1925	3933	2095
VELF	23276	0	4189	2320	4471	2435	4875	2625	5670	2945	6599	3240
VELF	23276	0	8202	3650	9966	4045	11946	4365				
SPNT	23356		7569	30381		7652637			5			
VELF	23356	0	2325	1490	2445	1498	2599	1505	2702	1542	2839	1558
VELF	23356	0	3030	1595	3219	1680	3461	1800	3825	2000	4053	2152
VELF	23356	0	4283	2285	4579	2450	5037	2670	6034	3055	7556	3595
VELF	23356	0	9899	4020	11973	4345						
SPNT	23436		7596	31145		7651992			5			
VELF	23436	0	2325	1488	2518	1502	2665	1532	2839	1558	3138	1630
VELF	23436	0	3421	1730	3586	1835	3879	2020	4223	2212	4525	2395
VELF	23436	0	4929	2635	5939	3090	6586	3355	8646	3750	11892	4310
SPNT	23516		7623	31913		7651352			5			
VELF	23516	0	2335	1492	2562	1505	2708	1545	2909	1565	3082	1625
VELF	23516	0	3246	1665	3456	1758	3606	1835	3883	1972	4135	2085
VELF	23516	0	4350	2235	4656	2425	4902	2620	5104	2760	5710	3055
VELF	23516	0	6061	3195	6936	3450	8673	3755	9886	3995	11960	4330
SPNT	23596		7649	32677		7650706			5			
VELF	23596	0	2345	1492	2585	1512	2708	1548	2869	1568	3072	1618
VELF	23596	0	3219	1670	3539	1805	3813	1945	4108	2085	4444	2255
VELF	23596	0	4566	2340	4902	2595	5428	2875	6034	3145	6747	3295
VELF	23596	0	8148	3655	9441	3870	11933	4305				
SPNT	23676		7676	33443		7650063			5			
VELF	23676	0	2359	1490	2658	1522	2842	1550	3084	1585	3286	1670
VELF	23676	0	3542	1760	3825	1915	4094	2060	4444	2310	5091	2650
VELF	23676	0	5333	2815	6061	3145	6586	3310	7582	3545	8768	3755
VELF	23676	0	11838	4320								
SPNT	23756		7703	34211		7649423			5			
VELF	23756	0	2392	1488	2482	1498	2652	1515	2742	1545	3152	1605
VELF	23756	0	3582	1790	3906	1990	4162	2135	4485	2305	5199	2695
VELF	23756	0	5468	2800	6586	3200	7973	3555	10074	4005	11919	4295
SPNT	23836		7729	34976		7648779			5			
VELF	23836	0	2425	1495	2635	1505	2765	1542	2889	1560	3084	1600
VELF	23836	0	3205	1650	3380	1710	3706	1868	3879	1960	4148	2060
VELF	23836	0	4337	2125	4714	2280	5010	2450	5643	2825	6586	3105
VELF	23836	0	7987	3455	9158	3795	9899	3955	11960	4300		
SPNT	23916		7756	35738		7648132			5			
VELF	23916	0	2438	1488	2653	1500	2774	1525	2922	1558	3138	1610
VELF	23916	0	3354	1695	3704	1815	4054	2010	4286	2175	4848	2495
VELF	23916	0	5562	2740	6694	3040	7340	3260	9522	3750	11919	4205
SPNT	23996		7783	36499		7647484			5			
VELF	23996	0	2495	1492	2745	1512	2882	1535	3052	1592	3259	1660
VELF	23996	0	3399	1705	3562	1762	3744	1825	3993	1965	4135	2035
VELF	23996	0	4426	2218	4633	2355	5051	2570	5993	2850	6896	3150
VELF	23996	0	8606	3505	11960	4200						
SPNT	24076		7809	37273		7646850			5			
VELF	24076	0	2528	1492	2682	1505	2795	1518	2882	1540	3098	1580
VELF	24076	0	3292	1655	3459	1715	3704	1785	3987	1925	4202	2055
VELF	24076	0	4426	2195	4620	2350	5064	2625	5481	2755	6249	2950
VELF	24076	0	7677	3250	9010	3545	9953	3765	11892	4145		
SPNT	24156		7836	38031		7646198			5			
VELF	24156	0	2582	1492	2775	1508	2882	1520	3246	1585	3475	1685
VELF	24156	0	3731	1785	3960	1905	4215	2005	4498	2195	4768	2400
VELF	24156	0	5131	2605	5522	2795	6451	3060	7205	3210	8673	3450
VELF	24156	0	9643	3650	11919	4130						
SPNT	24236		7863	38803		7645564			5			
VELF	24236	0	2632	1488	2789	1508	2896	1520	3044	1545	3232	1595
VELF	24236	0	3542	1695	3906	1865	4094	1950	4283	2065	4539	2250
VELF	24236	0	4947	2555	5185	2675	5603	2810	6680	3000	7152	3060
VELF	24236	0	7677	3155	8512	3380	9926	3805	10451	3910	11960	4185
SPNT	24316		7889	39563		7644911			5			
VELF	24316	0	2625	1488	2788	1495	2965	1538	3246	1605	3448	1665
VELF	24316	0	3799	1822	4256	2035	4512	2205	4889	2505	5253	2680
VELF	24316	0	6626	3000	7869	3205	9455	3540	10613	3815	11906	4055
SPNT	24396		7916	40337		7644280			5			
VELF	24396	0	2662	1488	2819	1498	2963	1525	3139	1572	3316	1622
VELF	24396	0	3515	1675	3744	1755	3919	1815	4256	2005	4512	2190
VELF	24396	0	4714	2355	5010	2490	5387	2695	6263	2845	7084	3030
VELF	24396	0	8552	3430	9320	3615	11973	4125				
SPNT	24476		7943	41097		7643629			5			
VELF	24476	0	2668	1492	2849	1505	2976	1540	3185	1575	3342	1625
VELF	24476	0	3515	1695	3892	1835	4203	1972	4633	2225	5185	2500
VELF	24476	0	5589	2650	6599	2905	8242	3455	9320	3700	11946	4205
SPNT	24556		7969	41862		7642985			5			
VELF	24556	0	2718	1492	2849	1498	3009	1542	3179	1555	3394	1615
VELF	24556	0	3569	1690	3893	1888	4081	1995	4364	2150	4593	2255
VELF	24556	0	4862	2370	5199	2500	6451	2940	7556	3255	8673	3605
VELF	24556	0	9549	3780	11933	4220						
SPNT	24636		7996	42628		7642342			5			
VELF	24636	0	2712	1490	2835	1498	2976	1515	3219	1540	3419	1618
VELF	24636	0	3704	1725	3838	1780	4121	1945	4279	2095	4539	2210
VELF	24636	0	4929	2440	5131	2570	5401	2705	6047	2945	6626	3055
VELF	24636	0	7865	3340	8741	3630	11919	4230				
SPNT	24716		8023	43394		7641700			5			
VELF	24716	0	2712	1488	2872	1508	3015	1538	3273	1595	3582	1685
VELF	24716	0	3731	1750	3896	1812	4139	1948	4364	2150	4754	2390
VELF	24716	0	5333	2600	6316	2945	7919	3350	9778	3805	11865	4205
SPNT	24796		8049	44159		7641055			5			
VELF	24796	0	2735	1492	2909	1505	3002	1532	3152	1562	3380	1620
VELF	24796	0	3546	1682	3742	1758	3996	1872	4215	2075	4727	2415
VELF	24796	0	5481	2700	6222	2895	6801	3055	7825	3335	8808	3605
VELF	24796	0	10020	3835	11960	4185						
SPNT	24876		8076	44933		7640421			5			
VELF	24876	0	2738	1488	2936	1505	3032	1535	3232	1565	3488	1630
VELF	24876	0	3785	1745	3987	1830	4242	1995	4471	2095	4741	2300
VELF	24876	0	5212	2545	5751	2800	6801	3090	8121	3445	9414	3750
VELF	24876	0	10411	3920	11933	4190						
SPNT	24956		8103	45692		7639770			5			
VELF	24956	0	2725	1488	2859	1502	2995	1532	3165	1555	3313	1585
VELF	24956	0	3475	1635	3650	1680	3865	1735	4054	1840	4256	1985
VELF	24956	0	4579	2190	5024	2435	5455	2690	6613	2995	7030	3140
VELF	24956	0	8781	3545	9468	3700	11919	4160				
SPNT	25036		8129	46466		7639136			5			
VELF	25036	0	2745	1488	2869	1495	2979	1522	3192	1550	3367	1585
VELF	25036	0	3502	1630	3704	1695	3960	1815	4253	1970	4418	2075
VELF	25036	0	4727	2265	4997	2400	5226	2550	5764	2805	6694	2995
VELF	25036	0	7030	3100	7636	3230	8795	3540	9966	3805	11946	4145
SPNT	25116		8156	47228		7638489			5			
VELF	25116	0	2795	1485	2936	1500	3084	1525	3265	1582	3436	1625
VELF	25116	0	3702	1718	3863	1772	4089	1892	4320	2025	4576	2185
VELF	25116	0	4983	2455	5253	2595	5697	2780	6343	2995	7529	3300
VELF	25116	0	8391	3510	10438	3910	11946	4160				
SPNT	25196		8183	47993		7637845			5			
VELF	25196	0	2795	1488	2919	1505	3035	1528	3215	1562	3359	1605
VELF	25196	0	3542	1640	3798	1730	4081	1875	4377	2075	4579	2215
VELF	25196	0	4943	2440	5266	2605	6249	2940	6842	3100	8431	3530
VELF	25196	0	9953	3830	11946	4170						
SPNT	25276		8209	48760		7637203			5			
VELF	25276	0	2822	1492	2942	1505	3049	1525	3407	1590	3744	1690
VELF	25276	0	3919	1770	4094	1855	4242	1945	4458	2105	4795	2325
VELF	25276	0	5562	2660	6653	3000	7178	3145	7987	3305	8835	3500
VELF	25276	0	9657	3695	11960	4135						
SPNT	25356		8236	49531		7636566			5			
VELF	25356	0	2829	1492	2959	1502	3082	1525	3259	1555	3421	1590
VELF	25356	0	3623	1650	3892	1750	4027	1820	4229	1930	4525	2145
VELF	25356	0	4848	2360	5293	2555	6424	2925	7865	3345	9293	3660
VELF	25356	0	11879	4165								
SPNT	25436		8263	50303		7635930			5			
VELF	25436	0	2855	1485	2972	1498	3129	1532	3367	1575	3636	1675
VELF	25436	0	3892	1780	4148	1885	4337	1995	4552	2150	4768	2290
VELF	25436	0	5185	2500	5899	2710	6828	3090	7838	3355	8970	3610
VELF	25436	0	11946	4185								
SPNT	25516		8289	51065		7635282			5			
VELF	25516	0	2842	1485	2975	1498	3089	1525	3232	1550	3436	1612
VELF	25516	0	3636	1660	3869	1772	4033	1848	4229	1935	4458	2070
VELF	25516	0	4646	2200	4822	2300	5024	2405	5374	2655	6209	2950
VELF	25516	0	7152	3160	8579	3485	10155	3850	11906	4165		
SPNT	25596		8316	51833		7634643			5			
VELF	25596	0	2812	1492	2902	1495	3032	1512	3165	1538	3367	1575
VELF	25596	0	3596	1655	3813	1752	4073	1872	4350	2040	4550	2148
VELF	25596	0	4835	2345	5266	2505	5832	2850	6788	3105	7973	3410
VELF	25596	0	10061	3800	11933	4145						
SPNT	25676		8343	52603		7634004			5			
VELF	25676	0	2812	1488	2992	1508	3205	1545	3346	1595	3532	1648
VELF	25676	0	3742	1725	4081	1825	4431	1975	4727	2225	5051	2450
VELF	25676	0	5333	2600	5832	2785	6653	3010	7596	3305	8983	3605
VELF	25676	0	11933	4180								
SPNT	25756		8369	53366		7633358			5			
VELF	25756	0	2829	1492	3000	1500	3139	1528	3367	1585	3556	1640
VELF	25756	0	3752	1722	3852	1765	4054	1820	4337	1960	4714	2145
VELF	25756	0	4956	2300	5306	2510	5630	2685	5886	2795	6465	2995
VELF	25756	0	7165	3215	7569	3310	8404	3505	9279	3685	11946	4200
SPNT	25836		8396	54125		7632706			5			
VELF	25836	0	2849	1492	2989	1498	3111	1520	3239	1548	3327	1575
VELF	25836	0	3609	1660	3987	1810	4229	1920	4523	2075	5010	2335
VELF	25836	0	5185	2440	5670	2695	6505	3075	7811	3365	9387	3650
VELF	25836	0	11946	4130								
SPNT	25916		8423	54889		7632061			5			
VELF	25916	0	2902	1492	3025	1502	3219	1530	3407	1595	3758	1715
VELF	25916	0	3933	1775	4215	1900	4606	2160	4875	2300	5455	2570
VELF	25916	0	5966	2750	6653	3000	7502	3250	8377	3410	9912	3750
VELF	25916	0	11919	4085								
SPNT	25996		8449	55659		7631423			5			
VELF	25996	0	2915	1488	3032	1498	3219	1530	3461	1590	3699	1692
VELF	25996	0	3819	1742	4067	1820	4269	1925	4525	2055	4733	2225
VELF	25996	0	5185	2535	5899	2800	6667	3000	8364	3355	9684	3665
VELF	25996	0	11919	4095								
SPNT	26076		8476	56428		7630785			5			
VELF	26076	0	2955	1488	3095	1502	3202	1528	3461	1610	3771	1710
VELF	26076	0	4175	1885	4431	2060	4808	2255	5401	2610	5872	2775
VELF	26076	0	6519	3000	7340	3205	8687	3410	9643	3615	11946	4070
SPNT	26156		8503	57188		7630136			5			
VELF	26156	0	2952	1492	3089	1502	3232	1525	3596	1650	3825	1725
VELF	26156	0	4175	1890	4377	1995	4630	2108	5104	2400	5872	2850
VELF	26156	0	6976	3155	7852	3330	9051	3555	9643	3680	11960	4115
SPNT	26236		8529	57949		7629485			5			
VELF	26236	0	2959	1492	3089	1508	3179	1525	3346	1585	3542	1625
VELF	26236	0	3731	1705	3949	1802	4215	1905	4418	2035	4633	2160
VELF	26236	0	4943	2400	5481	2700	6047	3010	7138	3285	7798	3465
VELF	26236	0	9037	3700	9603	3810	11960	4230				
SPNT	26316		8556	58724		7628854			5			
VELF	26316	0	2923	1480	3105	1512	3380	1570	3623	1650	3879	1740
VELF	26316	0	4175	1885	4436	2055	4822	2295	5091	2480	5549	2780
VELF	26316	0	6061	3050	6949	3305	8391	3590	9414	3750	11946	4210
SPNT	26396		8583	59493		7628215			5			
VELF	26396	0	2922	1488	3059	1505	3286	1530	3394	1575	3582	1620
VELF	26396	0	3811	1705	4013	1810	4256	1895	4512	2115	4781	2300
VELF	26396	0	5199	2490	5468	2650	5993	2940	7394	3375	7838	3505
VELF	26396	0	8485	3650	11906	4300						
SPNT	26476		8609	60244		7627553			5			
VELF	26476	0	2955	1492	3111	1505	3300	1545	3434	1580	3596	1615
VELF	26476	0	3906	1735	4229	1930	4480	2085	4714	2215	4983	2365
VELF	26476	0	5239	2560	5980	2955	7071	3310	8458	3655	9549	3850
VELF	26476	0	11973	4270								
SPNT	26556		8636	61021		7626924			5			
VELF	26556	0	2915	1485	3111	1510	3252	1548	3448	1575	3731	1630
VELF	26556	0	3906	1715	4242	1860	4526	2095	4875	2370	5495	2675
VELF	26556	0	6020	3045	7111	3300	8593	3690	11973	4295		
SPNT	26636		8663	61794		7626290			5			
VELF	26636	0	2922	1488	3042	1498	3192	1505	3407	1535	3771	1620
VELF	26636	0	4175	1835	4603	2182	4768	2255	5077	2500	5347	2700
VELF	26636	0	6074	3060	7246	3340	8700	3705	11960	4300		
SPNT	26716		8689	62547		7625631			5			
VELF	26716	0	2899	1485	3025	1498	3165	1525	3286	1565	3492	1625
VELF	26716	0	3659	1672	3933	1770	4431	1975	4822	2195	5306	2585
VELF	26716	0	5508	2755	6128	3105	7731	3505	9481	3800	11973	4245
SPNT	26796		8716	63316		7624992			5			
VELF	26796	0	2815	1485	2936	1490	3152	1520	3448	1615	3704	1695
VELF	26796	0	3973	1795	4229	1905	4673	2190	5172	2605	5562	2830
VELF	26796	0	6061	2990	6923	3310	8364	3655	11960	4335		
SPNT	26876		8743	64086		7624355			5			
VELF	26876	0	2815	1485	3009	1505	3111	1525	3326	1588	3526	1648
VELF	26876	0	3702	1698	3923	1785	4229	1925	4539	2065	4727	2245
VELF	26876	0	5266	2670	5603	2850	5926	3065	6586	3245	8135	3650
VELF	26876	0	9441	3940	11946	4390						
SPNT	26956		8769	64846		7623705			5			
VELF	26956	0	2819	1485	2982	1495	3125	1520	3286	1572	3486	1632
VELF	26956	0	3626	1665	3833	1752	4033	1838	4229	1925	4485	2050
VELF	26956	0	4943	2400	5077	2545	5737	2935	6478	3205	7825	3545
VELF	26956	0	8835	3760	10074	4045	11906	4385				
SPNT	27036		8796	65611		7623062			5			
VELF	27036	0	2832	1485	2962	1495	3119	1525	3286	1570	3542	1640
VELF	27036	0	3744	1715	3933	1812	4126	1898	4444	2050	4646	2200
VELF	27036	0	4822	2325	5118	2550	5347	2705	5710	2890	6532	3245
VELF	27036	0	7960	3560	9387	3830	11960	4340				
SPNT	27116		8823	66373		7622415			5			
VELF	27116	0	2801	1485	2942	1495	3062	1508	3259	1535	3421	1590
VELF	27116	0	3865	1725	4094	1850	4283	1945	4552	2125	4808	2345
VELF	27116	0	5185	2610	5508	2885	5926	3085	6734	3300	7946	3610
VELF	27116	0	9306	3810	11946	4305						
SPNT	27196		8849	67136		7621770			5			
VELF	27196	0	2761	1485	2936	1495	3111	1520	3327	1560	3488	1615
VELF	27196	0	3758	1695	3973	1785	4377	1905	4566	2040	4848	2240
VELF	27196	0	5103	2435	5535	2780	5778	2970	6599	3340	7407	3555
VELF	27196	0	8444	3700	9737	3920	11960	4300				
SPNT	27276		8876	67904		7621129			5			
VELF	27276	0	2747	1480	3003	1500	3192	1520	3434	1585	3690	1695
VELF	27276	0	3919	1785	4418	2055	4673	2215	5051	2330	5239	2545
VELF	27276	0	5525	2750	5751	2940	6316	3220	7421	3570	9185	3885
VELF	27276	0	11973	4340								
SPNT	27356		8903	68667		7620484			5			
VELF	27356	0	2747	1485	2919	1495	3029	1512	3396	1605	3623	1665
VELF	27356	0	4067	1845	4162	1935	4444	2105	4873	2342	5183	2558
VELF	27356	0	5455	2760	5724	2905	6357	3255	6694	3435	7960	3710
VELF	27356	0	8444	3805	9401	3960	11865	4345				
SPNT	27436		8929	69426		7619832			5			
VELF	27436	0	2788	1485	2963	1495	3178	1525	3300	1550	3556	1635
VELF	27436	0	3838	1730	4067	1830	4242	1930	4646	2225	4916	2550
VELF	27436	0	5162	2715	5697	3035	6343	3255	7919	3640	9616	4000
VELF	27436	0	11933	4360								
SPNT	27516		8956	70194		7619190			5			
VELF	27516	0	2755	1485	2919	1495	3030	1510	3152	1560	3434	1635
VELF	27516	0	3771	1760	4094	1875	4364	2025	4822	2300	5077	2550
VELF	27516	0	5576	3000	6357	3255	7609	3650	10114	4095	11919	4390
SPNT	27596		8983	70967		7618556			5			
VELF	27596	0	2705	1488	2872	1495	3125	1555	3313	1610	3488	1670
VELF	27596	0	3731	1770	4081	1895	4242	1980	4418	2095	4633	2265
VELF	27596	0	4808	2400	5064	2625	5589	3035	6909	3500	8498	3855
VELF	27596	0	11933	4395								
SPNT	27676		9009	71740		7617922			5			
VELF	27676	0	2626	1480	2869	1500	3071	1545	3300	1605	3636	1700
VELF	27676	0	4094	1910	4566	2245	5024	2575	5684	3070	6451	3260
VELF	27676	0	8040	3660	9131	3935	11906	4390				
SPNT	27756		9036	72494		7617264			5			
VELF	27756	0	2532	1485	2680	1490	2936	1535	3178	1620	3488	1705
VELF	27756	0	3892	1880	4067	1945	4404	2165	4808	2305	5508	2845
VELF	27756	0	6343	3155	7448	3540	11987	4465				
SPNT	27836		9063	73253		7616612			5			
VELF	27836	0	2626	1485	2936	1560	3219	1620	3502	1730	3879	1880
VELF	27836	0	4135	2010	4418	2215	4997	2515	5428	2740	6114	3075
VELF	27836	0	6801	3360	8391	3780	11933	4475				
SPNT	27916		9089	74036		7615990			5			
VELF	27916	0	2442	1482	2653	1510	2828	1535	3052	1585	3300	1645
VELF	27916	0	3434	1695	3811	1925	4215	2150	4431	2360	4889	2540
VELF	27916	0	5347	2735	6290	3205	8269	3785	11906	4480		
SPNT	27996		9116	74801		7615346			5			
VELF	27996	0	2411	1485	2615	1505	2855	1545	3003	1570	3286	1650
VELF	27996	0	3461	1735	3717	1910	3949	2098	4310	2350	4727	2600
VELF	27996	0	6370	3110	7259	3360	7663	3455	9818	3905	11973	4280
SPNT	28076		9143	75565		7614701			5			
VELF	28076	0	2465	1485	2622	1498	2842	1535	3055	1585	3273	1655
VELF	28076	0	3516	1772	4081	2205	4337	2485	4566	2625	5657	3095
VELF	28076	0	7919	3690	11960	4405						
SPNT	28156		9169	76325		7614052			5			
VELF	28156	0	2488	1485	2645	1502	2802	1532	2936	1570	3152	1622
VELF	28156	0	3529	1770	3919	1915	4364	2345	4835	2720	5657	3195
VELF	28156	0	6855	3530	8027	3820	11973	4470				
SPNT	28236		9196	77089		7613407			5			
VELF	28236	0	2525	1482	2678	1515	2869	1545	3098	1595	3327	1760
VELF	28236	0	3717	1950	3892	2115	4121	2385	4795	2715	5320	3105
VELF	28236	0	6545	3470	7556	3655	11946	4510				
SPNT	28316		9223	77861		7612772			5			
VELF	28316	0	2545	1485	2672	1515	3030	1605	3175	1672	3582	1820
VELF	28316	0	3838	2045	4215	2440	4889	2755	5522	3150	6249	3445
VELF	28316	0	6747	3555	8552	3845	11946	4470				
SPNT	28396		9249	78621		7612120			5			
VELF	28396	0	2518	1485	2734	1520	2963	1570	3399	1745	3582	1815
VELF	28396	0	3852	1960	4202	2330	4875	2740	5306	3060	6397	3440
VELF	28396	0	7529	3670	8256	3775	11919	4465				
SPNT	28476		9276	79390		7611481			5			
VELF	28476	0	2458	1492	2626	1525	2764	1560	2955	1615	3185	1678
VELF	28476	0	3359	1732	3529	1780	3731	1890	3973	2205	4404	2600
VELF	28476	0	4848	2915	5603	3155	6774	3500	8471	3900	10532	4265
VELF	28476	0	11946	4455								
SPNT	28556		9303	80154		7610836			5			
VELF	28556	0	2330	1485	2532	1515	2694	1545	2855	1580	3071	1635
VELF	28556	0	3292	1755	3488	1885	3892	2190	4283	2590	4997	2990
VELF	28556	0	6882	3620	8835	4050	11960	4510				
SPNT	28636		9329	80918		7610192			5			
VELF	28636	0	2263	1485	2599	1550	2963	1645	3259	1775	3461	1870
VELF	28636	0	3731	2075	3892	2255	4162	2500	4835	2900	5886	3355
VELF	28636	0	6949	3705	8552	4075	11933	4545				
SPNT	28716		9356	81685		769549			5			
VELF	28716	0	2236	1485	2370	1515	2519	1550	2702	1588	2963	1660
VELF	28716	0	3084	1705	3502	1875	3809	2188	4040	2410	4620	2760
VELF	28716	0	5522	3200	6909	3705	8000	3980	11879	4575		
SPNT	28796		9383	82455		768912			5			
VELF	28796	0	2182	1485	2345	1512	2478	1538	2734	1610	2905	1665
VELF	28796	0	3273	1840	3448	1975	3906	2325	5024	2955	6249	3385
VELF	28796	0	8323	3985	11933	4560						
SPNT	28876		9409	83218		768265			5			
VELF	28876	0	2131	1485	2263	1495	2357	1515	2519	1560	2748	1615
VELF	28876	0	3025	1705	3380	1955	3690	2145	3889	2315	4337	2550
VELF	28876	0	4714	2745	5562	3150	6963	3615	8875	4080	11946	4550
SPNT	28956		9436	83989		767629			5			
VELF	28956	0	2105	1485	2191	1492	2378	1525	2788	1650	3056	1718
VELF	28956	0	3394	1830	3636	1945	3896	2242	4175	2555	4754	2890
VELF	28956	0	5508	3250	6747	3700	7811	3950	11919	4595		
SPNT	29036		9463	84746		766974			5			
VELF	29036	0	2088	1488	2205	1498	2315	1515	2445	1545	2662	1595
VELF	29036	0	2995	1715	3312	1818	3623	1995	3785	2295	4279	2632
VELF	29036	0	4620	2855	5401	3205	7030	3775	8687	4110	11892	4605
SPNT	29116		9489	85518		766338			5			
VELF	29116	0	2081	1485	2208	1498	2370	1540	2586	1575	2842	1655
VELF	29116	0	3313	1845	3636	2000	3865	2320	4283	2695	4606	2870
VELF	29116	0	5212	3180	6276	3560	7367	3860	11960	4610		
SPNT	29196		9516	86284		765694			5			
VELF	29196	0	2068	1488	2195	1502	2328	1528	2632	1598	2979	1725
VELF	29196	0	3192	1795	3515	1915	3677	2035	3946	2510	4364	2760
VELF	29196	0	5266	3205	7609	3915	11946	4615				
SPNT	29276		9543	87054		765058			5			
VELF	29276	0	2048	1485	2272	1502	2559	1570	3125	1745	3502	1955
VELF	29276	0	3704	2300	3946	2600	4296	2790	5131	3080	6222	3500
VELF	29276	0	7475	3915	10397	4360	11933	4540				
SPNT	29356		9569	87819		764413			5			
VELF	29356	0	2045	1485	2275	1508	2492	1550	2653	1645	2855	1800
VELF	29356	0	3084	1945	3677	2230	3852	2490	4364	2750	5226	3205
VELF	29356	0	6599	3755	8310	4100	11960	4600				
SPNT	29436		9596	88584		763769			5			
VELF	29436	0	2047	1485	2158	1492	2276	1505	2451	1575	2694	1630
VELF	29436	0	2896	1770	3071	1925	3502	2205	4189	2640	5158	3055
VELF	29436	0	6128	3555	8512	4200	11906	4650				
SPNT	29516		9623	89357		763137			5			
VELF	29516	0	2048	1488	2211	1505	2495	1562	2721	1620	2869	1730
VELF	29516	0	3165	1960	3529	2235	3811	2455	4081	2655	5172	3060
VELF	29516	0	6114	3500	8242	4145	11946	4655				
SPNT	29596		9649	90114		762482			5			
VELF	29596	0	2061	1488	2178	1498	2316	1510	2518	1572	2680	1615
VELF	29596	0	2923	1735	3138	1910	3380	2245	3704	2520	4189	2740
VELF	29596	0	4431	2800	5131	3110	6707	3800	8471	4260	11852	4730
SPNT	29676		9676	90882		761840			5			
VELF	29676	0	2061	1485	2236	1505	2424	1540	2855	1675	3002	1958
VELF	29676	0	3327	2255	3636	2545	4296	2850	5131	3190	7246	3950
VELF	29676	0	8323	4225	11906	4770						
SPNT	29756		9703	91647		761196			5			
VELF	29756	0	2061	1488	2186	1498	2478	1600	2828	1655	3017	1915
VELF	29756	0	3300	2170	3542	2340	3892	2585	4283	2850	5266	3310
VELF	29756	0	7017	3905	8700	4260	11946	4725				
SPNT	29836		9729	92420		76562			5			
VELF	29836	0	2047	1485	2185	1498	2303	1520	2425	1565	2828	1670
VELF	29836	0	3003	1905	3273	2155	4310	2860	5441	3375	7259	3950
VELF	29836	0	11973	4725								
