CONT	PGS A	SIA P										
LINE	NWS07	-07_P										
AREA	North	West										
INFO	WGS 8	4 DAT										
COM1	2040p	gsnws										
SPNT	3675		1012	-110903		7839659			7			
VELF	3675	0	4040	1485	4485	1560	5051	1800	5508	2025	6168	2295
VELF	3675	0	6586	2480	6963	2740	7838	3110	8902	3470	11933	4255
SPNT	3755		1039	-110129		7839026			7			
VELF	3755	0	4111	1485	4404	1550	4781	1660	5549	2045	6532	2400
VELF	3755	0	7051	2690	7434	2955	8795	3440	11933	4265		
SPNT	3835		1066	-19351		7838396			7			
VELF	3835	0	4172	1485	4458	1545	4835	1640	5414	1935	5643	2050
VELF	3835	0	5966	2265	6357	2530	6626	2700	7407	2985	8512	3285
VELF	3835	0	9172	3545	11919	4255						
SPNT	3915		1092	-18575		7837767			7			
VELF	3915	0	4202	1485	4576	1550	4808	1605	5172	1760	5428	1885
VELF	3915	0	5751	2010	6276	2295	6774	2645	7101	2740	7542	2960
VELF	3915	0	9253	3650	11906	4260						
SPNT	3995		1119	-17796		7837138			7			
VELF	3995	0	4175	1485	4498	1560	5131	1735	5320	1810	5805	2005
VELF	3995	0	6168	2300	6949	2600	7434	2840	8189	3310	9414	3690
VELF	3995	0	11946	4270								
SPNT	4075		1146	-17025		7836502			7			
VELF	4075	0	4131	1487	4282	1500	4552	1565	4875	1620	5293	1730
VELF	4075	0	5684	1900	6034	2055	6747	2560	7515	2970	8310	3350
VELF	4075	0	8700	3450	9778	3785	11919	4280				
SPNT	4155		1172	-16242		7835879			7			
VELF	4155	0	4111	1485	4242	1495	4579	1560	4795	1630	5172	1755
VELF	4155	0	5414	1850	5710	2000	6088	2220	6505	2430	6976	2750
VELF	4155	0	7192	2850	8242	3400	11933	4310				
SPNT	4235		1199	-15463		7835252			7			
VELF	4235	0	4061	1485	4444	1535	4754	1605	5131	1755	5535	1975
VELF	4235	0	6061	2250	6411	2450	6909	2650	7596	3055	8162	3350
VELF	4235	0	9576	3770	11960	4265						
SPNT	4315		1226	-14698		7834609			7			
VELF	4315	0	4020	1485	4394	1520	4714	1615	5024	1735	5343	1950
VELF	4315	0	5872	2090	6313	2350	6936	2630	7636	3105	9589	3750
VELF	4315	0	11960	4270								
SPNT	4395		1252	-13911		7833990			7			
VELF	4395	0	4000	1485	4377	1510	4929	1670	5253	1840	5684	2020
VELF	4395	0	6424	2360	6747	2500	7017	2655	7354	2850	8283	3240
VELF	4395	0	9253	3640	9805	3775	11980	4225				
SPNT	4475		1279	-13152		7833339			7			
VELF	4475	0	3980	1485	4269	1510	4660	1600	5158	1855	5805	2135
VELF	4475	0	6303	2335	6572	2445	7125	2730	7609	2935	8323	3265
VELF	4475	0	9589	3740	11946	4255						
SPNT	4555		1306	-12369		7832715			7			
VELF	4555	0	3909	1485	4263	1505	4700	1660	5253	1860	5562	2050
VELF	4555	0	5805	2210	6411	2440	7017	2615	7623	2920	8677	3280
VELF	4555	0	9589	3545	11879	4140						
SPNT	4635		1332	-11582		7832097			7			
VELF	4635	0	3879	1480	4269	1530	4673	1620	5010	1795	5481	2010
VELF	4635	0	5872	2195	6532	2435	6976	2600	7556	2795	9589	3490
VELF	4635	0	11906	4080								
SPNT	4715		1359	-1808		7831467			7			
VELF	4715	0	3825	1475	4131	1500	4498	1565	4848	1695	5064	1800
VELF	4715	0	5320	1935	5616	2055	5791	2155	6074	2305	6465	2525
VELF	4715	0	7099	2745	7695	2915	9220	3385	11917	4105		
SPNT	4795		1386	-137		7830831			7			
VELF	4795	0	3785	1485	4000	1495	4175	1505	4418	1560	4593	1645
VELF	4795	0	4862	1785	5293	1985	5832	2305	6316	2525	7160	2705
VELF	4795	0	8269	3095	9543	3525	11947	4115				
SPNT	4875		1412	-99263		7830198			7			
VELF	4875	0	3717	1485	4091	1520	4579	1645	4848	1720	5103	1818
VELF	4875	0	5384	2000	5737	2190	6290	2405	7125	2695	7609	2900
VELF	4875	0	7949	3005	8907	3325	9543	3515	11968	4125		
SPNT	4955		1439	-98486		7829567			7			
VELF	4955	0	3636	1480	4040	1520	4377	1585	4660	1680	4943	1795
VELF	4955	0	5279	1975	5710	2135	6290	2375	7071	2650	7584	2855
VELF	4955	0	9522	3475	11919	4070						
SPNT	5035		1466	-97696		7828953			7			
VELF	5035	0	3623	1490	3906	1525	4337	1590	4687	1705	4875	1845
VELF	5035	0	5172	1965	5468	2060	5886	2225	6276	2405	6505	2505
VELF	5035	0	6869	2590	7180	2715	7776	2855	9535	3125	11946	3840
SPNT	5115		1492	-96927		7828317			7			
VELF	5115	0	3623	1490	3960	1525	4404	1625	4586	1705	5051	1900
VELF	5115	0	5576	2130	5993	2300	6640	2690	7609	2875	9493	3235
VELF	5115	0	11897	3965								
SPNT	5195		1519	-96157		7827677			7			
VELF	5195	0	3542	1495	3906	1525	4054	1540	4296	1600	4579	1675
VELF	5195	0	4848	1790	5064	1890	5387	2045	5764	2220	6088	2440
VELF	5195	0	6734	2650	7650	3035	9200	3495	11947	4225		
SPNT	5275		1546	-95373		7827056			7			
VELF	5275	0	3495	1485	3670	1509	3811	1520	4091	1555	4458	1645
VELF	5275	0	4781	1790	5104	1955	5630	2250	6088	2445	6434	2560
VELF	5275	0	7367	3000	9549	3750	11960	4285				
SPNT	5355		1572	-94590		7826435			7			
VELF	5355	0	3475	1490	3906	1535	4108	1555	4404	1615	4768	1850
VELF	5355	0	5037	1965	5657	2255	6303	2450	6667	2600	7434	2965
VELF	5355	0	8054	3295	9230	3715	11892	4310				
SPNT	5435		1599	-93811		7825806			7			
VELF	5435	0	3461	1490	3771	1525	4172	1565	4431	1630	4673	1725
VELF	5435	0	4983	1845	5253	1950	5791	2250	6074	2445	6397	2580
VELF	5435	0	6694	2680	7505	3005	9251	3645	11927	4335		
SPNT	5515		1626	-93041		7825170			7			
VELF	5515	0	3461	1495	3919	1535	4350	1610	4727	1805	5199	2025
VELF	5515	0	5562	2275	5926	2400	6276	2560	6815	2745	7503	2895
VELF	5515	0	8028	3075	9523	3615	11937	4205				
SPNT	5595		1652	-92266		7824538			7			
VELF	5595	0	3444	1485	3663	1505	3892	1535	4108	1570	4455	1685
VELF	5595	0	4606	1785	5010	1950	5360	2105	5630	2300	5939	2400
VELF	5595	0	6249	2545	6626	2690	7017	2805	7717	3060	9549	3655
VELF	5595	0	11906	4175								
SPNT	5675		1679	-91489		7823910			7			
VELF	5675	0	3461	1495	3677	1510	3973	1550	4310	1615	4606	1685
VELF	5675	0	4875	1805	5131	1965	5684	2200	6047	2350	6572	2615
VELF	5675	0	7138	2790	7569	2970	8350	3255	9266	3460	11973	4125
SPNT	5755		1706	-90712		7823279			7			
VELF	5755	0	3384	1485	3636	1510	3939	1540	4296	1625	4616	1705
VELF	5755	0	4983	1900	5710	2245	6020	2355	6357	2535	7111	2805
VELF	5755	0	7877	3025	9212	3300	9953	3500	11960	4020		
SPNT	5835		1732	-89931		7822656			7			
VELF	5835	0	3374	1485	4010	1550	4229	1595	4444	1665	4687	1755
VELF	5835	0	5024	1910	5293	2043	5596	2177	5805	2295	6640	2645
VELF	5835	0	7200	2845	7826	3005	9589	3470	11933	4070		
SPNT	5915		1759	-89160		7822019			7			
VELF	5915	0	3394	1485	3707	1510	4215	1590	4559	1695	4754	1775
VELF	5915	0	5145	1955	5495	2150	6209	2485	7219	2850	7879	3205
VELF	5915	0	9455	3740	11973	4280						
SPNT	5995		1786	-88374		7821400			7			
VELF	5995	0	3343	1485	3919	1535	4175	1575	4768	1750	5145	1955
VELF	5995	0	5384	2075	5581	2182	5845	2330	6384	2580	6896	2850
VELF	5995	0	7988	3235	9230	3705	11968	4275				
SPNT	6075		1812	-87605		7820763			7			
VELF	6075	0	3364	1485	3677	1515	4010	1555	4269	1595	4636	1710
VELF	6075	0	4822	1785	5145	1960	5481	2155	5886	2355	6640	2735
VELF	6075	0	7084	2980	7421	3100	7947	3245	9473	3755	11897	4285
SPNT	6155		1839	-86829		7820129			7			
VELF	6155	0	3367	1490	3717	1520	3980	1540	4192	1575	4394	1630
VELF	6155	0	4714	1765	4842	1834	4997	2040	5212	2195	5549	2330
VELF	6155	0	5966	2510	6694	2730	7313	3055	7919	3215	9402	3505
VELF	6155	0	11907	4145								
SPNT	6235		1866	-86044		7819510			7			
VELF	6235	0	3354	1485	3667	1515	4148	1565	4337	1635	4714	1760
VELF	6235	0	4929	1855	5192	1960	5522	2155	5953	2450	6271	2575
VELF	6235	0	7099	2765	7811	3065	8512	3245	9584	3435	11987	4010
SPNT	6315		1892	-85272		7818874			7			
VELF	6315	0	3333	1485	3758	1525	4081	1565	4374	1635	4714	1770
VELF	6315	0	4956	1890	5199	2005	5414	2110	6101	2400	6343	2495
VELF	6315	0	6990	2675	7596	2900	7960	3045	9655	3405	10089	3485
VELF	6315	0	11947	3965								
SPNT	6395		1919	-84497		7818242			7			
VELF	6395	0	3313	1485	3596	1510	3818	1530	4215	1620	4566	1730
VELF	6395	0	5010	1950	5311	2135	5872	2395	6341	2525	7205	2790
VELF	6395	0	7892	3055	9533	3435	11960	4095				
SPNT	6475		1946	-83717		7817616			7			
VELF	6475	0	3283	1485	3606	1510	3884	1545	4152	1600	4301	1640
VELF	6475	0	4469	1702	4697	1765	4839	1829	5056	1949	5374	2110
VELF	6475	0	5535	2200	6114	2485	6990	2755	7865	3125	8795	3435
VELF	6475	0	9422	3605	11919	4180						
SPNT	6555		1972	-82948		7816977			7			
VELF	6555	0	3293	1485	3737	1539	3970	1555	4263	1625	4556	1710
VELF	6555	0	4798	1840	5064	1995	5401	2155	5616	2275	5872	2405
VELF	6555	0	6357	2545	6828	2720	7892	3145	9360	3555	11919	4175
SPNT	6635		1999	-82174		7816343			7			
VELF	6635	0	3293	1485	3535	1505	3798	1530	4027	1565	4350	1645
VELF	6635	0	4626	1745	4943	1905	5354	2150	5670	2340	6222	2505
VELF	6635	0	6857	2695	7251	2855	7919	3035	9428	3650	12000	4200
SPNT	6715		2026	-81398		7815714			7			
VELF	6715	0	3273	1485	3582	1520	3828	1540	4091	1585	4293	1635
VELF	6715	0	4525	1705	4929	1900	5468	2200	5926	2430	6290	2585
VELF	6715	0	7017	2835	7604	3095	9352	3745	11907	4275		
SPNT	6795		2052	-80604		7815105			7			
VELF	6795	0	3263	1485	3606	1525	4060	1584	4323	1635	4727	1835
VELF	6795	0	5131	2050	5354	2195	5845	2455	6599	2705	7246	2990
VELF	6795	0	7892	3295	9745	3825	11927	4275				
SPNT	6875		2079	-79840		7814460			7			
VELF	6875	0	3263	1485	3626	1515	3869	1545	4131	1590	4485	1690
VELF	6875	0	4822	1850	5118	2050	5630	2295	6316	2550	6667	2735
VELF	6875	0	7178	2970	7879	3260	9453	3715	11968	4235		
SPNT	6955		2106	-79070		7813822			7			
VELF	6955	0	3242	1485	3566	1515	3980	1560	4242	1620	4458	1710
VELF	6955	0	4899	1875	5232	2060	5832	2395	6202	2510	6451	2610
VELF	6955	0	7030	2745	7865	3070	8768	3350	9603	3495	11879	4035
SPNT	7035		2132	-78287		7813198			7			
VELF	7035	0	3232	1485	3488	1515	3798	1540	4094	1600	4374	1665
VELF	7035	0	4579	1780	4848	1950	5239	2155	5508	2340	5805	2445
VELF	7035	0	6088	2550	6545	2700	7125	2850	7825	3050	9333	3410
VELF	7035	0	11892	4075								
SPNT	7115		2159	-77499		7812582			7			
VELF	7115	0	3242	1485	3626	1500	4000	1570	4232	1620	4576	1750
VELF	7115	0	4798	1855	5077	2050	5387	2225	5778	2400	6283	2570
VELF	7115	0	6815	2815	7798	3120	9320	3495	11892	4110		
SPNT	7195		2186	-76732		7811942			7			
VELF	7195	0	3212	1485	3616	1515	3869	1550	4101	1590	4414	1700
VELF	7195	0	4838	1890	5306	2195	5535	2305	5899	2455	6195	2545
VELF	7195	0	6559	2690	7170	2985	7798	3145	8620	3330	9341	3585
VELF	7195	0	11927	4175								
SPNT	7275		2212	-75959		7811306			7			
VELF	7275	0	3222	1485	3515	1510	3828	1545	4091	1595	4424	1705
VELF	7275	0	4697	1815	5111	2025	5394	2210	5545	2285	6249	2635
VELF	7275	0	6613	2750	7125	2915	8432	3275	9604	3525	11917	4085
SPNT	7355		2239	-75168		7810694			7			
VELF	7355	0	3192	1485	3596	1515	3909	1560	4172	1605	4424	1700
VELF	7355	0	4818	1905	5091	2140	5401	2335	5953	2615	6586	2765
VELF	7355	0	7367	3005	8331	3295	9533	3585	11907	4145		
SPNT	7435		2266	-74403		7810049			7			
VELF	7435	0	3182	1485	3650	1533	3954	1554	4141	1615	4424	1715
VELF	7435	0	4673	1840	5077	2020	5374	2140	5549	2250	5886	2450
VELF	7435	0	6249	2615	6586	2750	7382	2945	7917	3205	8978	3475
VELF	7435	0	11917	4125								
SPNT	7515		2292	-73623		789424			7			
VELF	7515	0	3182	1485	3515	1520	3859	1550	4131	1625	4404	1715
VELF	7515	0	4758	1855	5061	2010	5475	2255	5980	2510	6276	2595
VELF	7515	0	6707	2795	7542	3095	7877	3265	9715	3725	11958	4165
SPNT	7595		2319	-72849		788792			7			
VELF	7595	0	3152	1485	3606	1533	3879	1570	4024	1603	4192	1655
VELF	7595	0	4336	1723	4497	1782	4793	1915	5044	2038	5320	2190
VELF	7595	0	5643	2345	6236	2585	7030	2855	7695	2965	9705	3505
VELF	7595	0	11907	4045								
SPNT	7675		2346	-72067		788167			7			
VELF	7675	0	3121	1485	3327	1505	3623	1540	3879	1580	4202	1670
VELF	7675	0	4606	1820	5131	2080	5549	2295	5939	2505	6303	2665
VELF	7675	0	7003	2885	7744	3115	9422	3345	11907	4005		
SPNT	7755		2372	-71292		787537			7			
VELF	7755	0	3074	1485	3558	1536	3913	1596	4273	1670	4606	1820
VELF	7755	0	4848	1940	5202	2150	5468	2345	5872	2550	6333	2705
VELF	7755	0	6855	2850	7394	2995	7987	3145	9412	3545	11897	4175
SPNT	7835		2399	-70517		786903			7			
VELF	7835	0	3071	1485	3384	1515	3646	1545	3848	1580	4020	1615
VELF	7835	0	4283	1695	4458	1800	4781	1945	5162	2155	5455	2380
VELF	7835	0	6034	2610	6424	2720	7089	2915	7685	3075	9059	3525
VELF	7835	0	11917	4215								
SPNT	7915		2426	-69737		786278			7			
VELF	7915	0	3040	1485	3259	1500	3616	1550	3919	1600	4242	1690
VELF	7915	0	4673	1890	5199	2110	5684	2440	6114	2655	6384	2800
VELF	7915	0	7071	3030	7745	3305	9589	3795	11906	4300		
SPNT	7995		2452	-68961		785646			7			
VELF	7995	0	3010	1485	3367	1525	3609	1555	3869	1600	4212	1685
VELF	7995	0	4539	1845	4795	1930	5279	2180	5468	2285	5966	2500
VELF	7995	0	6478	2680	7715	3145	9382	3695	11947	4305		
SPNT	8075		2479	-68180		785022			7			
VELF	8075	0	3010	1485	3364	1525	3646	1560	3933	1620	4323	1760
VELF	8075	0	4471	1900	4889	2150	5313	2295	5630	2410	6007	2565
VELF	8075	0	7003	2905	7663	3155	8301	3345	9574	3745	11907	4245
SPNT	8155		2506	-67403		784392			7			
VELF	8155	0	2970	1485	3286	1520	3515	1550	3892	1625	4256	1750
VELF	8155	0	4498	1895	5051	2185	5670	2395	5939	2550	6330	2720
VELF	8155	0	6707	2850	7084	3005	8038	3245	9311	3595	11877	4155
SPNT	8235		2532	-66629		783760			7			
VELF	8235	0	2949	1485	3343	1535	3574	1577	3798	1600	4135	1705
VELF	8235	0	4418	1785	4916	1990	5239	2295	5684	2495	6047	2600
VELF	8235	0	6640	2800	7533	3115	8927	3505	10049	3805	11897	4205
SPNT	8315		2559	-65850		783132			7			
VELF	8315	0	2939	1485	3172	1510	3354	1535	3586	1570	3838	1620
VELF	8315	0	4025	1672	4293	1762	4601	1918	4960	2095	5414	2340
VELF	8315	0	6182	2695	6766	2855	8089	3255	9291	3665	11907	4315
SPNT	8395		2586	-65071		782505			7			
VELF	8395	0	2909	1485	3205	1510	3556	1570	3828	1615	4071	1685
VELF	8395	0	4333	1790	4626	1915	4949	2105	5306	2250	6411	2750
VELF	8395	0	7125	2955	7927	3155	9160	3455	10321	3785	11877	4165
SPNT	8475		2612	-64295		781874			7			
VELF	8475	0	2909	1485	3098	1500	3327	1550	3704	1605	3929	1640
VELF	8475	0	4152	1735	4434	1855	4902	2100	5508	2400	6599	2800
VELF	8475	0	8229	3100	9483	3505	11958	4155				
SPNT	8555		2639	-63518		781244			7			
VELF	8555	0	2879	1485	3172	1515	3616	1580	3828	1630	3990	1690
VELF	8555	0	4434	1860	4633	1990	5024	2195	5657	2500	5886	2600
VELF	8555	0	6209	2660	6725	2845	7554	3115	9200	3465	11927	4145
SPNT	8635		2666	-62735		78623			7			
VELF	8635	0	2848	1485	3152	1515	3313	1560	3576	1580	3771	1620
VELF	8635	0	4175	1775	4606	2040	5051	2230	5796	2615	6554	2845
VELF	8635	0	7644	3305	9412	3775	11947	4375				
SPNT	8715		2692	-61959		7799990			7			
VELF	8715	0	2828	1485	3152	1525	3461	1600	3889	1675	4172	1780
VELF	8715	0	4354	1850	4620	1995	4943	2150	5239	2255	5697	2380
VELF	8715	0	6007	2605	6756	2975	7180	3165	7644	3355	8857	3695
VELF	8715	0	11937	4385								
SPNT	8795		2719	-61188		7799355			7			
VELF	8795	0	2808	1485	2973	1507	3172	1535	3293	1570	3465	1595
VELF	8795	0	3879	1650	4101	1750	4377	1895	4956	2195	5428	2350
VELF	8795	0	5980	2600	6655	2835	7543	3175	8756	3445	11947	4215
SPNT	8875		2746	-60407		7798730			7			
VELF	8875	0	2778	1485	3178	1545	3485	1585	3717	1660	4232	1805
VELF	8875	0	4539	1950	4848	2110	5158	2250	5684	2450	5886	2655
VELF	8875	0	6675	2895	7503	3085	8768	3390	10180	3825	11968	4245
SPNT	8955		2772	-59637		7798091			7			
VELF	8955	0	2751	1493	2919	1497	3178	1550	3505	1605	3828	1700
VELF	8955	0	4035	1752	4209	1818	4471	1920	4700	2050	5030	2255
VELF	8955	0	5606	2450	5993	2650	6495	2765	7473	3055	8442	3325
VELF	8955	0	9644	3695	11958	4225						
SPNT	9035		2799	-58863		7797458			7			
VELF	9035	0	2697	1485	3071	1535	3263	1555	3535	1610	3765	1694
VELF	9035	0	4020	1765	4283	1875	4505	1980	4747	2100	5104	2330
VELF	9035	0	5646	2600	6168	2835	6667	2940	7473	3205	8150	3335
VELF	9035	0	9493	3655	11937	4205						
SPNT	9115		2826	-58087		7796827			7			
VELF	9115	0	2697	1485	2909	1500	3098	1550	3384	1610	3623	1670
VELF	9115	0	4000	1795	4444	1995	4714	2105	5279	2355	5481	2550
VELF	9115	0	5724	2680	6192	2805	7887	3215	9453	3545	11958	4145
SPNT	9195		2852	-57312		7796197			7			
VELF	9195	0	2646	1485	2774	1495	2949	1520	3172	1560	3475	1600
VELF	9195	0	3768	1720	3919	1795	4162	1950	4498	2130	4980	2395
VELF	9195	0	5684	2650	6034	2735	7394	3000	9634	3325	11960	3965
SPNT	9275		2879	-56536		7795564			7			
VELF	9275	0	2626	1485	2923	1525	3138	1555	3515	1660	4121	1925
VELF	9275	0	4700	2220	5226	2435	6034	2635	6815	2870	7758	3120
VELF	9275	0	9442	3505	11933	4120						
SPNT	9355		2906	-55753		7794944			7			
VELF	9355	0	2606	1485	2869	1510	3071	1570	3542	1635	4094	1840
VELF	9355	0	4391	2040	4768	2195	5670	2545	6640	2825	7432	2995
VELF	9355	0	8220	3205	9503	3545	11897	4195				
SPNT	9435		2932	-54971		7794321			7			
VELF	9435	0	2576	1485	2788	1495	3091	1565	3569	1680	3822	1751
VELF	9435	0	4148	1895	4498	2105	5037	2400	5455	2525	5966	2660
VELF	9435	0	6917	2955	7776	3165	8473	3345	9341	3655	11933	4210
SPNT	9515		2959	-54205		7793676			7			
VELF	9515	0	2586	1485	2842	1505	3057	1570	3303	1615	3556	1675
VELF	9515	0	3852	1730	4152	1935	4485	2100	4727	2240	5077	2400
VELF	9515	0	5401	2500	5710	2635	6478	2840	6897	2975	8382	3325
VELF	9515	0	9352	3605	11947	4265						
SPNT	9595		2986	-53420		7793057			7			
VELF	9595	0	2576	1485	2798	1500	3030	1555	3283	1615	3566	1680
VELF	9595	0	3788	1745	4020	1845	4202	1920	4616	2115	5051	2385
VELF	9595	0	5724	2625	6424	2875	7311	3035	8109	3295	9321	3525
VELF	9595	0	11917	4145								
SPNT	9675		3012	-52641		7792429			7			
VELF	9675	0	2556	1485	2818	1500	3044	1570	3192	1620	3576	1660
VELF	9675	0	3838	1740	4000	1845	4182	1900	4498	2110	4834	2287
VELF	9675	0	5051	2455	5333	2605	6155	2790	7007	3124	7421	3204
VELF	9675	0	7882	3258	9347	3400	11919	4090				
SPNT	9755		3039	-51879		7791780			7			
VELF	9755	0	2559	1485	2774	1495	3111	1590	3273	1620	3586	1690
VELF	9755	0	3798	1790	4310	1995	4660	2245	4889	2450	5603	2695
VELF	9755	0	6209	2750	7301	3025	7650	3075	9352	3415	11897	4075
SPNT	9835		3066	-51096		7791159			7			
VELF	9835	0	2545	1485	2815	1510	3071	1580	3434	1635	3771	1775
VELF	9835	0	4121	1895	4471	2100	4727	2335	5354	2605	5707	2760
VELF	9835	0	7327	3200	9271	3715	11907	4305				
SPNT	9915		3092	-50322		7790527			7			
VELF	9915	0	2545	1485	2707	1495	3003	1570	3246	1600	3515	1675
VELF	9915	0	3747	1765	4051	1885	4310	2030	4754	2250	5118	2455
VELF	9915	0	5401	2615	5764	2770	7327	3140	9271	3705	11917	4315
SPNT	9995		3119	-49529		7789915			7			
VELF	9995	0	2519	1480	2778	1505	3020	1575	3242	1615	3515	1685
VELF	9995	0	3717	1825	4113	1933	4303	1995	4495	2105	4835	2315
VELF	9995	0	5141	2450	5414	2610	6303	2850	7382	3165	8422	3355
VELF	9995	0	9604	3595	11927	4175						
SPNT	10075		3146	-48765		7789272			7			
VELF	10075	0	2495	1485	2707	1505	2990	1585	3364	1660	3758	1760
VELF	10075	0	4162	1930	4620	2180	4889	2310	5441	2605	6141	2855
VELF	10075	0	7367	3120	8331	3355	9442	3465	11947	4075		
SPNT	10155		3172	-47988		7788642			7			
VELF	10155	0	2485	1485	2707	1500	3000	1575	3202	1610	3414	1650
VELF	10155	0	3606	1710	3909	1825	4141	1925	4350	2050	4673	2245
VELF	10155	0	4902	2400	5606	2695	6074	2850	7098	3105	8350	3315
VELF	10155	0	9372	3505	11897	4155						
SPNT	10235		3199	-47202		7788023			7			
VELF	10235	0	2455	1485	2596	1495	2828	1530	3010	1580	3219	1620
VELF	10235	0	3455	1660	3785	1785	4013	1880	4323	2020	4700	2235
VELF	10235	0	4889	2370	5141	2500	5481	2655	6141	2855	7152	3050
VELF	10235	0	7946	3300	8382	3495	9372	3785	11946	4330		
SPNT	10315		3226	-46440		7787374			7			
VELF	10315	0	2434	1485	2646	1505	2970	1575	3253	1635	3414	1675
VELF	10315	0	3596	1725	3778	1795	4030	1870	4391	2060	4647	2257
VELF	10315	0	4795	2360	5172	2500	5441	2615	5710	2740	6141	2840
VELF	10315	0	7119	3055	7624	3265	8471	3560	9897	3945	11988	4405
SPNT	10395		3252	-45659		7786752			7			
VELF	10395	0	2424	1485	2667	1505	2818	1535	2963	1590	3286	1660
VELF	10395	0	3569	1735	3919	1875	4222	1955	4394	2091	4616	2280
VELF	10395	0	4929	2435	5444	2640	5724	2755	6232	2860	6788	3005
VELF	10395	0	7150	3125	7380	3205	8606	3605	9341	3845	11968	4405
SPNT	10475		3279	-44895		7786104			7			
VELF	10475	0	2414	1485	2657	1500	2962	1592	3285	1656	3535	1710
VELF	10475	0	3717	1795	3892	1900	4269	2000	4455	2100	4714	2345
VELF	10475	0	4929	2464	5172	2550	5705	2725	6271	2875	6786	3005
VELF	10475	0	7138	3195	7825	3345	8422	3585	9352	3765	11968	4345
SPNT	10555		3306	-44113		7785480			7			
VELF	10555	0	2384	1485	2545	1495	2694	1530	2949	1595	3283	1670
VELF	10555	0	3576	1745	3852	1855	4283	2035	4741	2330	5158	2515
VELF	10555	0	5522	2670	5970	2800	6572	2925	7422	3105	8281	3405
VELF	10555	0	9402	3775	11917	4315						
SPNT	10635		3332	-43340		7784848			7			
VELF	10635	0	2343	1485	2566	1500	2737	1545	2907	1587	3284	1671
VELF	10635	0	3586	1740	3727	1810	3960	1900	4471	2125	4875	2405
VELF	10635	0	5101	2510	5374	2655	5953	2875	6675	3055	7331	3275
VELF	10635	0	8350	3655	9341	3945	11907	4485				
SPNT	10715		3359	-42559		7784222			7			
VELF	10715	0	2357	1485	2562	1509	2788	1540	2909	1585	3017	1650
VELF	10715	0	3333	1685	3569	1765	3717	1850	4269	2105	4822	2495
VELF	10715	0	5468	2735	5953	2905	6276	3095	6667	3285	7160	3505
VELF	10715	0	9362	4055	11968	4545						
SPNT	10795		3386	-41786		7783591			7			
VELF	10795	0	2313	1485	2626	1515	2939	1605	3303	1700	3707	1805
VELF	10795	0	4081	1965	4266	2098	4383	2167	4633	2340	4929	2520
VELF	10795	0	5481	2700	6182	2940	6675	3105	7917	3505	9564	3875
VELF	10795	0	11897	4385								
SPNT	10875		3412	-41009		7782960			7			
VELF	10875	0	2303	1485	2451	1500	2626	1520	2747	1545	2899	1595
VELF	10875	0	3273	1700	3596	1790	3906	1895	4111	1990	4364	2135
VELF	10875	0	4754	2350	5051	2495	5360	2645	5889	2790	7165	3035
VELF	10875	0	8027	3245	9240	3565	11960	4195				
SPNT	10955		3439	-40242		7782319			7			
VELF	10955	0	2273	1485	2636	1515	2788	1575	2929	1635	3277	1713
VELF	10955	0	3576	1780	3899	1905	4364	2105	4795	2440	4956	2550
VELF	10955	0	5603	2750	6152	2850	7109	3075	8337	3310	9352	3545
VELF	10955	0	11968	4165								
SPNT	11035		3466	-39460		7781695			7			
VELF	11035	0	2266	1495	2391	1499	2505	1510	2677	1535	2859	1610
VELF	11035	0	3091	1655	3374	1740	3596	1800	3906	1955	4377	2245
VELF	11035	0	4795	2430	5253	2655	5869	2855	6687	3055	7049	3155
VELF	11035	0	9271	3535	11958	4155						
SPNT	11115		3492	-38687		7781060			7			
VELF	11115	0	2253	1485	2465	1505	2685	1560	2889	1620	3091	1660
VELF	11115	0	3434	1745	3596	1825	3950	1983	4242	2155	4404	2305
VELF	11115	0	4535	2395	4919	2600	5828	2850	6936	3150	7569	3260
VELF	11115	0	8099	3405	9554	3635	11907	4225				
SPNT	11195		3519	-37913		7780427			7			
VELF	11195	0	2232	1485	2404	1495	2545	1520	2694	1565	2882	1630
VELF	11195	0	3131	1670	3374	1740	3569	1810	3990	2000	4242	2190
VELF	11195	0	4444	2325	4808	2505	5737	2800	6613	3055	7121	3220
VELF	11195	0	7892	3410	9220	3765	11968	4335				
SPNT	11275		3546	-37130		7779808			7			
VELF	11275	0	2222	1485	2370	1500	2653	1545	2855	1635	3084	1660
VELF	11275	0	3232	1715	3704	1885	4081	2100	4444	2370	4727	2550
VELF	11275	0	4929	2680	5589	2840	6572	3100	7877	3415	9271	3775
VELF	11275	0	11937	4315								
SPNT	11355		3572	-36359		7779170			7			
VELF	11355	0	2222	1485	2444	1505	2667	1560	2879	1640	3202	1695
VELF	11355	0	3424	1770	3869	1915	4094	2015	4391	2280	4768	2485
VELF	11355	0	5199	2690	5912	2895	6761	3095	7380	3200	8483	3505
VELF	11355	0	9562	3795	11933	4300						
SPNT	11435		3599	-35579		7778542			7			
VELF	11435	0	2212	1485	2505	1515	2727	1580	2889	1645	3182	1700
VELF	11435	0	3485	1820	3677	1870	3852	1955	4020	1985	4192	2055
VELF	11435	0	4364	2220	4566	2345	5000	2600	5374	2705	5993	2885
VELF	11435	0	6778	3100	7919	3350	9129	3695	11933	4315		
SPNT	11515		3626	-34806		7777908			7			
VELF	11515	0	2192	1485	2343	1490	2556	1535	2650	1569	2774	1617
VELF	11515	0	3111	1680	3367	1760	3906	2000	4512	2440	4795	2650
VELF	11515	0	5778	2910	6774	3200	7178	3305	7825	3500	9160	3825
VELF	11515	0	11906	4370								
SPNT	11595		3652	-34026		7777282			7			
VELF	11595	0	2192	1485	2370	1495	2586	1535	2758	1600	3010	1655
VELF	11595	0	3192	1685	3374	1760	3545	1830	3717	1905	4071	2050
VELF	11595	0	4247	2170	4552	2400	4808	2560	5468	2805	6034	2985
VELF	11595	0	6774	3170	8229	3605	9220	3895	11937	4435		
SPNT	11675		3679	-33250		7776653			7			
VELF	11675	0	2182	1485	2384	1500	2616	1555	2848	1630	3212	1700
VELF	11675	0	3384	1755	3606	1855	3801	1967	4242	2135	4471	2295
VELF	11675	0	4808	2550	5441	2750	5877	2945	6937	3275	7946	3500
VELF	11675	0	9468	3855	11973	4360						
SPNT	11755		3706	-32478		7776018			7			
VELF	11755	0	2162	1485	2316	1500	2465	1530	2707	1595	2869	1663
VELF	11755	0	3141	1695	3525	1849	3764	1952	4202	2145	4552	2405
VELF	11755	0	4875	2580	5077	2650	5468	2800	5926	2940	6626	3135
VELF	11755	0	7190	3325	8432	3625	9630	3885	11919	4375		
SPNT	11835		3732	-31695		7775394			7			
VELF	11835	0	2155	1485	2316	1495	2519	1535	2721	1620	3044	1695
VELF	11835	0	3327	1780	3596	1875	3933	2030	4202	2140	4606	2400
VELF	11835	0	5091	2675	5495	2795	6047	2960	7139	3375	9160	3765
VELF	11835	0	11978	4435								
SPNT	11915		3759	-30926		7774756			7			
VELF	11915	0	2141	1485	2343	1500	2485	1525	2636	1570	2835	1664
VELF	11915	0	3051	1695	3323	1770	3727	1925	4108	2150	4377	2385
VELF	11915	0	4566	2450	4889	2600	5199	2725	6128	3000	7028	3275
VELF	11915	0	8059	3585	9301	3915	11887	4415				
SPNT	11995		3786	-30146		7774129			7			
VELF	11995	0	2121	1485	2327	1507	2505	1540	2697	1605	3030	1690
VELF	11995	0	3333	1785	3636	1885	4111	2090	4471	2305	4606	2435
VELF	11995	0	4919	2590	5549	2820	6303	3045	7069	3355	8493	3605
VELF	11995	0	9493	3905	11907	4415						
SPNT	12075		3812	-29365		7773504			7			
VELF	12075	0	2101	1485	2263	1500	2434	1520	2707	1620	3051	1690
VELF	12075	0	3327	1790	3596	1885	4027	2050	4242	2210	4606	2440
VELF	12075	0	5145	2705	5576	2850	5879	2950	6998	3305	7513	3425
VELF	12075	0	8119	3615	9251	3855	11917	4435				
SPNT	12155		3839	-28583		7772880			7			
VELF	12155	0	2121	1485	2236	1495	2480	1545	2758	1635	3101	1710
VELF	12155	0	3333	1805	3825	1995	4202	2205	4593	2480	5239	2775
VELF	12155	0	5872	3035	7057	3315	7515	3350	7988	3455	9261	3845
VELF	12155	0	11980	4420								
SPNT	12235		3866	-27808		7772249			7			
VELF	12235	0	2091	1485	2424	1530	2626	1590	2808	1645	3051	1705
VELF	12235	0	3273	1790	3542	1900	4040	2150	4242	2260	4620	2580
VELF	12235	0	5212	2795	6182	3060	7677	3385	9251	3655	11919	4270
SPNT	12315		3892	-27038		7771611			7			
VELF	12315	0	2030	1485	2283	1500	2485	1530	2788	1670	3030	1710
VELF	12315	0	3455	1840	3785	1955	4269	2240	4620	2455	4889	2625
VELF	12315	0	5185	2750	6047	3030	7017	3245	8835	3580	11980	4390
SPNT	12395		3919	-26260		7770982			7			
VELF	12395	0	2030	1485	2253	1500	2404	1545	2534	1593	2758	1690
VELF	12395	0	3020	1705	3303	1805	3505	1865	3788	1925	3980	2035
VELF	12395	0	4310	2255	4535	2400	4727	2540	5360	2810	6384	3055
VELF	12395	0	7488	3295	9119	3795	11897	4435				
SPNT	12475		3946	-25481		7770355			7			
VELF	12475	0	2000	1485	2273	1505	2495	1575	2680	1655	3061	1730
VELF	12475	0	3448	1900	3677	1950	4027	2095	4290	2290	4566	2505
VELF	12475	0	5306	2845	6402	3135	7453	3415	8069	3575	9523	3895
VELF	12475	0	11958	4435								
SPNT	12555		3972	-24711		7769718			7			
VELF	12555	0	2010	1485	2222	1500	2424	1550	2747	1690	3098	1730
VELF	12555	0	3525	1895	3811	1985	4121	2170	4418	2400	4646	2545
VELF	12555	0	5362	2835	6564	3245	7488	3445	9251	3855	11907	4415
SPNT	12635		3999	-23933		7769090			7			
VELF	12635	0	1990	1485	2253	1505	2455	1571	2774	1680	3111	1745
VELF	12635	0	3525	1895	3717	1955	3939	2045	4256	2320	4377	2455
VELF	12635	0	4687	2695	5535	2945	6519	3170	7084	3295	7892	3520
VELF	12635	0	9281	3945	11937	4455						
SPNT	12715		4026	-23159		7768457			7			
VELF	12715	0	1980	1485	2212	1510	2444	1555	2694	1670	3000	1751
VELF	12715	0	3364	1850	3785	1995	4094	2165	4350	2345	4620	2545
VELF	12715	0	5414	2860	7071	3355	9210	3795	11906	4370		
SPNT	12795		4052	-22387		7767822			7			
VELF	12795	0	1970	1495	2182	1505	2364	1552	2535	1600	2667	1655
VELF	12795	0	2960	1720	3273	1820	3475	1905	3704	2010	4000	2155
VELF	12795	0	4364	2450	5077	2730	6303	3085	6909	3240	7434	3400
VELF	12795	0	8162	3575	9549	3885	11879	4405				
SPNT	12875		4079	-21609		7767193			7			
VELF	12875	0	1960	1485	2222	1510	2515	1585	2680	1675	3071	1745
VELF	12875	0	3323	1825	3650	1950	4027	2135	4215	2265	4444	2415
VELF	12875	0	4566	2520	5158	2780	5710	2940	6263	3090	7071	3250
VELF	12875	0	7933	3495	9170	3865	11917	4415				
SPNT	12955		4106	-20836		7766559			7			
VELF	12955	0	1960	1485	2128	1500	2330	1540	2586	1635	3071	1750
VELF	12955	0	3327	1855	3949	2130	4131	2280	4505	2455	4768	2600
VELF	12955	0	5037	2750	6249	3100	7038	3255	7735	3445	9473	3845
VELF	12955	0	11917	4365								
SPNT	13035		4132	-20060		7765929			7			
VELF	13035	0	1939	1485	2162	1510	2404	1555	2578	1647	2990	1730
VELF	13035	0	3253	1805	3525	1930	3808	2065	3970	2160	4141	2305
VELF	13035	0	4444	2445	4778	2640	5263	2810	5778	3005	6586	3190
VELF	13035	0	7111	3285	7867	3425	8432	3505	9402	3695	11919	4250
SPNT	13115		4159	-19279		7765304			7			
VELF	13115	0	1939	1485	2155	1505	2384	1560	2626	1665	3138	1770
VELF	13115	0	3505	1925	3852	2095	4182	2310	4377	2445	4781	2650
VELF	13115	0	5455	2875	6276	3085	7057	3295	9291	3695	11919	4295
SPNT	13195		4186	-18515		7764659			7			
VELF	13195	0	1909	1485	2141	1500	2374	1560	2616	1635	3003	1760
VELF	13195	0	3364	1860	3687	1995	3919	2115	4162	2265	4431	2460
VELF	13195	0	4916	2670	5832	2950	6747	3190	7946	3455	9266	3700
VELF	13195	0	11919	4305								
SPNT	13275		4212	-17733		7764035			7			
VELF	13275	0	1899	1485	2141	1505	2404	1570	2596	1670	2818	1727
VELF	13275	0	3111	1790	3316	1885	3667	2005	3980	2145	4101	2270
VELF	13275	0	4374	2440	4673	2605	5360	2845	5832	2950	6640	3100
VELF	13275	0	7071	3210	8175	3550	9374	3795	11933	4370		
SPNT	13355		4239	-16963		7763397			7			
VELF	13355	0	1919	1485	2172	1505	2333	1550	2535	1625	2798	1695
VELF	13355	0	3040	1760	3444	1880	3758	2025	3949	2155	4172	2290
VELF	13355	0	4444	2425	4956	2705	5791	2935	6195	3050	7071	3275
VELF	13355	0	8242	3535	9535	3770	11906	4290				
SPNT	13435		4266	-16184		7762769			7			
VELF	13435	0	1949	1485	2172	1510	2364	1578	2515	1640	2747	1695
VELF	13435	0	3051	1765	3327	1880	3744	2050	4101	2240	4471	2470
VELF	13435	0	4902	2695	5522	2925	7017	3270	9306	3605	11852	4240
SPNT	13515		4292	-15400		7762148			7			
VELF	13515	0	1919	1485	2111	1500	2333	1560	2596	1655	2801	1705
VELF	13515	0	3040	1780	3340	1905	3600	2030	3802	2124	4121	2260
VELF	13515	0	4323	2415	4747	2600	5158	2775	6114	3010	6788	3185
VELF	13515	0	7205	3250	9616	3750	11879	4255				
SPNT	13595		4319	-14634		7761506			7			
VELF	13595	0	1909	1485	2111	1500	2290	1545	2492	1620	2778	1705
VELF	13595	0	3081	1775	3286	1895	3606	2040	3811	2230	4552	2625
VELF	13595	0	6034	2980	6492	3080	6976	3150	9428	3750	11933	4340
SPNT	13675		4346	-13852		7760883			7			
VELF	13675	0	1919	1485	2212	1520	2444	1605	2778	1690	3172	1780
VELF	13675	0	3374	1890	3586	1985	4094	2335	4323	2405	4828	2685
VELF	13675	0	5279	2825	6061	3000	6774	3100	7434	3260	8350	3570
VELF	13675	0	10074	3950	11906	4350						
SPNT	13755		4372	-13076		7760253			7			
VELF	13755	0	1919	1485	2088	1500	2303	1545	2515	1630	2778	1680
VELF	13755	0	3044	1765	3394	1900	3727	2080	3939	2200	4175	2400
VELF	13755	0	4620	2605	5064	2750	5670	2930	7098	3250	8444	3640
VELF	13755	0	9630	3885	11973	4375						
SPNT	13835		4399	-12300		7759620			7			
VELF	13835	0	1899	1485	2101	1505	2357	1575	2505	1635	2785	1699
VELF	13835	0	3101	1770	3485	1925	3838	2115	4054	2230	4552	2585
VELF	13835	0	5303	2850	5710	2940	6411	3115	7098	3260	8350	3555
VELF	13835	0	9859	3985	11933	4405						
SPNT	13915		4426	-11525		7758989			7			
VELF	13915	0	1892	1489	2071	1505	2293	1555	2515	1650	2808	1705
VELF	13915	0	3051	1770	3475	1950	3933	2160	4242	2345	4471	2550
VELF	13915	0	4835	2745	6374	3155	7852	3470	9495	3860	11946	4370
SPNT	13995		4452	-10736		7758374			7			
VELF	13995	0	1879	1485	2128	1510	2404	1600	2667	1665	3178	1800
VELF	13995	0	3475	1950	3711	2128	3859	2195	4067	2350	4343	2545
VELF	13995	0	4754	2740	5589	2985	6976	3270	8323	3500	9481	3730
VELF	13995	0	11906	4270								
SPNT	14075		4479	-9963		7757739			7			
VELF	14075	0	1869	1485	2091	1510	2276	1550	2484	1652	2694	1685
VELF	14075	0	3125	1780	3407	1950	3609	2095	3838	2195	4081	2360
VELF	14075	0	4337	2520	4727	2705	5266	2890	6007	3055	6330	3130
VELF	14075	0	6976	3250	8000	3490	9481	3850	11946	4380		
SPNT	14155		4506	-9194		7757100			7			
VELF	14155	0	1828	1485	2141	1520	2303	1565	2414	1620	2484	1654
VELF	14155	0	2715	1706	3101	1780	3525	2000	3906	2230	4606	2610
VELF	14155	0	5091	2800	5684	2960	7017	3350	7892	3605	9481	3845
VELF	14155	0	11919	4380								
SPNT	14235		4532	-8408		7756483			7			
VELF	14235	0	1848	1485	2017	1507	2192	1525	2455	1640	2737	1690
VELF	14235	0	3071	1780	3404	1950	3838	2270	4189	2485	4471	2640
VELF	14235	0	5414	2935	6626	3220	7838	3540	9239	3850	11960	4405
SPNT	14315		4559	-7630		7755852			7			
VELF	14315	0	1828	1485	2081	1510	2293	1565	2444	1640	2699	1707
VELF	14315	0	3091	1800	3448	1950	3798	2165	4175	2420	4512	2660
VELF	14315	0	5010	2860	6101	3105	6694	3235	7448	3450	9253	3800
VELF	14315	0	11852	4350								
SPNT	14395		4586	-6869		7755204			7			
VELF	14395	0	1828	1485	2030	1500	2195	1540	2404	1620	2681	1704
VELF	14395	0	3030	1795	3434	2005	3811	2200	4108	2360	4498	2630
VELF	14395	0	4983	2795	5293	2870	5805	3025	6532	3285	8323	3640
VELF	14395	0	9589	3855	11946	4360						
SPNT	14475		4612	-6073		7754598			7			
VELF	14475	0	1818	1485	2051	1510	2222	1555	2414	1650	2667	1695
VELF	14475	0	2859	1755	3091	1810	3407	1955	3690	2095	3919	2300
VELF	14475	0	4121	2400	4646	2645	5374	2880	5724	3000	6626	3255
VELF	14475	0	7865	3560	9253	3820	11892	4375				
SPNT	14555		4639	-5295		7753967			7			
VELF	14555	0	1808	1485	1939	1495	2141	1530	2323	1600	2646	1690
VELF	14555	0	3098	1830	3407	1955	4081	2335	4795	2675	6424	3205
VELF	14555	0	7582	3495	9199	3815	9791	3940	11933	4385		
SPNT	14635		4666	-4527		7753328			7			
VELF	14635	0	1808	1485	2081	1525	2283	1580	2444	1645	2838	1740
VELF	14635	0	3101	1820	3414	1955	3697	2055	3899	2200	4135	2405
VELF	14635	0	4512	2595	5024	2850	6249	3190	7475	3510	9212	3830
VELF	14635	0	11879	4390								
SPNT	14715		4692	-3748		7752702			7			
VELF	14715	0	1798	1485	2111	1520	2273	1585	2434	1660	2697	1700
VELF	14715	0	3091	1825	3367	1950	3758	2110	3946	2230	4296	2435
VELF	14715	0	4418	2595	4822	2800	5077	2945	6801	3300	7582	3520
VELF	14715	0	8700	3800	11852	4450						
SPNT	14795		4719	-2964		7752080			7			
VELF	14795	0	1768	1485	1980	1510	2222	1560	2414	1660	2667	1715
VELF	14795	0	3051	1815	3384	1960	3798	2170	4094	2350	4579	2605
VELF	14795	0	5104	2850	6101	3145	7960	3625	9279	3940	11987	4470
SPNT	14875		4746	-2202		7751432			7			
VELF	14875	0	1778	1485	2040	1527	2212	1565	2374	1640	2566	1680
VELF	14875	0	2896	1800	3172	1890	3444	2010	3919	2295	4108	2450
VELF	14875	0	4956	2770	6397	3280	7057	3485	9199	3950	11879	4495
SPNT	14955		4772	-1421		7750808			7			
VELF	14955	0	1758	1485	1929	1505	2131	1550	2404	1665	2626	1715
VELF	14955	0	2869	1785	3111	1860	3488	2025	3697	2120	3939	2245
VELF	14955	0	4111	2415	4485	2600	4902	2800	5333	2945	6061	3165
VELF	14955	0	6438	3280	7906	3675	9387	3985	11960	4475		
SPNT	15035		4799	-646		7750176			7			
VELF	15035	0	1737	1485	1896	1510	2128	1550	2343	1655	2586	1710
VELF	15035	0	2808	1750	3138	1895	3475	2020	3731	2155	4040	2340
VELF	15035	0	4229	2465	4418	2630	5051	2905	6047	3150	6774	3305
VELF	15035	0	7663	3525	9212	3945	11879	4465				
SPNT	15115		4826	131		7749548			7			
VELF	15115	0	1747	1485	2051	1525	2313	1630	2596	1705	2879	1780
VELF	15115	0	3182	1905	3434	2035	3933	2245	4350	2520	5131	2900
VELF	15115	0	5966	3160	6801	3365	7785	3680	10195	4100	11946	4425
SPNT	15195		4852	906		7748914			7			
VELF	15195	0	1727	1485	1889	1500	2040	1530	2323	1635	2616	1690
VELF	15195	0	2896	1785	3205	1920	3582	2105	3825	2200	4323	2455
VELF	15195	0	4552	2585	5279	2865	6034	3140	7421	3535	8795	3770
VELF	15195	0	11919	4390								
SPNT	15275		4879	1681		7748283			7			
VELF	15275	0	1727	1485	1919	1500	2051	1540	2232	1605	2596	1710
VELF	15275	0	2929	1815	3253	1955	3771	2140	4067	2380	4377	2545
VELF	15275	0	4633	2660	5872	3055	6869	3405	9024	3790	10519	4065
VELF	15275	0	11906	4335								
SPNT	15355		4906	2462		7747658			7			
VELF	15355	0	1707	1485	1929	1505	2121	1555	2333	1650	2596	1715
VELF	15355	0	2960	1845	3202	1940	3744	2135	4431	2555	5226	2845
VELF	15355	0	6370	3240	6640	3350	7178	3505	8687	3700	10303	3995
VELF	15355	0	11973	4325								
SPNT	15435		4932	3232		7747020			7			
VELF	15435	0	1707	1485	1919	1510	2088	1560	2330	1675	2606	1730
VELF	15435	0	2879	1815	3205	1925	3556	2095	3811	2205	4162	2500
VELF	15435	0	4916	2830	5387	3040	6438	3350	6909	3460	8525	3715
VELF	15435	0	9737	3910	11852	4315						
SPNT	15515		4959	4007		7746388			7			
VELF	15515	0	1707	1485	1869	1505	2101	1555	2313	1650	2566	1720
VELF	15515	0	2869	1805	3081	1910	3273	2025	3650	2240	3933	2400
VELF	15515	0	4202	2500	4929	2850	5347	3055	6168	3295	6896	3445
VELF	15515	0	7973	3685	9441	3870	11933	4430				
SPNT	15595		4986	4787		7745762			7			
VELF	15595	0	1697	1485	1889	1510	2101	1570	2235	1640	2556	1710
VELF	15595	0	2879	1815	3138	1935	3394	2060	3879	2355	4391	2625
VELF	15595	0	4943	2855	5360	2980	6141	3195	6936	3300	8458	3645
VELF	15595	0	10047	4105	11946	4500						
SPNT	15675		5012	5551		7745117			7			
VELF	15675	0	1677	1485	1828	1505	1980	1539	2077	1575	2313	1660
VELF	15675	0	2566	1720	2818	1800	3165	1980	3421	2110	3744	2250
VELF	15675	0	4114	2470	4364	2600	4822	2800	5401	2995	5845	3145
VELF	15675	0	6990	3370	7663	3555	8108	3720	9239	4020	11973	4520
SPNT	15755		5039	6339		7744501			7			
VELF	15755	0	1657	1485	2010	1535	2242	1630	2434	1705	2737	1765
VELF	15755	0	3061	1910	3242	1985	3421	2105	3758	2290	4094	2455
VELF	15755	0	5077	2890	5360	3000	6162	3230	6694	3350	7690	3645
VELF	15755	0	9589	4005	11865	4455						
SPNT	15835		5066	7112		7743867			7			
VELF	15835	0	1646	1485	2030	1540	2202	1630	2566	1715	2886	1843
VELF	15835	0	3030	1895	3242	1995	3444	2120	3771	2285	4296	2555
VELF	15835	0	5293	3005	5710	3155	6697	3385	7663	3695	8148	3780
VELF	15835	0	9293	3910	11892	4440						
SPNT	15915		5092	7886		7743235			7			
VELF	15915	0	1646	1485	1879	1510	1990	1550	2195	1650	2404	1690
VELF	15915	0	2657	1755	2883	1853	3182	1970	3455	2125	3771	2290
VELF	15915	0	4067	2455	4269	2600	4485	2745	5024	2955	6114	3245
VELF	15915	0	6774	3400	7690	3705	9320	4025	11973	4515		
SPNT	15995		5119	8669		7742612			7			
VELF	15995	0	1646	1485	1869	1515	2081	1585	2313	1665	2525	1715
VELF	15995	0	2879	1840	3232	2000	3505	2125	3758	2265	4054	2430
VELF	15995	0	4337	2595	5226	3040	5818	3245	6707	3410	7717	3555
VELF	15995	0	9306	3955	11987	4520						
SPNT	16075		5146	9440		7741975			7			
VELF	16075	0	1636	1485	1879	1515	2004	1568	2202	1640	2495	1725
VELF	16075	0	2808	1805	3010	1905	3246	2020	3461	2170	3771	2350
VELF	16075	0	4081	2525	4606	2705	5226	2965	6734	3300	7677	3550
VELF	16075	0	9279	3905	11865	4465						
SPNT	16155		5172	10213		7741341			7			
VELF	16155	0	1616	1485	1744	1499	1990	1540	2172	1630	2340	1683
VELF	16155	0	2495	1715	2758	1785	3067	1959	3219	2050	3485	2155
VELF	16155	0	3758	2380	4081	2565	4593	2765	5212	2950	5751	3195
VELF	16155	0	6761	3420	7933	3660	9266	3835	11906	4390		
SPNT	16235		5199	10988		7740709			7			
VELF	16235	0	1606	1485	1848	1515	2248	1671	2424	1700	2707	1770
VELF	16235	0	2869	1860	3192	2015	3461	2200	4013	2505	4391	2700
VELF	16235	0	5226	3025	6034	3225	6653	3355	7758	3610	9172	3865
VELF	16235	0	11919	4420								
SPNT	16315		5226	11761		7740074			7			
VELF	16315	0	1586	1485	1717	1500	1980	1550	2232	1655	2485	1715
VELF	16315	0	2818	1850	3111	2000	3327	2150	3704	2345	4418	2665
VELF	16315	0	5199	3020	6195	3260	6828	3390	7960	3695	9468	4000
VELF	16315	0	11933	4485								
SPNT	16395		5252	12544		7739452			7			
VELF	16395	0	1566	1485	1808	1510	2040	1595	2204	1673	2397	1708
VELF	16395	0	2737	1830	3121	2010	3374	2105	3677	2310	3865	2415
VELF	16395	0	4040	2510	4404	2675	5185	2940	5710	3100	6572	3335
VELF	16395	0	7704	3615	9603	4010	11960	4430				
SPNT	16475		5279	13312		7738812			7			
VELF	16475	0	1576	1485	1778	1510	1960	1560	2101	1630	2475	1740
VELF	16475	0	2828	1880	3141	2035	3502	2200	3785	2400	4162	2590
VELF	16475	0	4471	2750	5212	3035	5684	3155	6222	3300	7825	3695
VELF	16475	0	9199	3935	11973	4465						
SPNT	16555		5306	14092		7738186			7			
VELF	16555	0	1556	1485	1879	1535	2101	1650	2352	1692	2800	1862
VELF	16555	0	2990	1930	3202	2045	3434	2165	3712	2369	4111	2560
VELF	16555	0	4404	2705	5182	3050	5751	3245	6667	3370	8040	3645
VELF	16555	0	9320	3955	11919	4480						
SPNT	16635		5332	14859		7737544			7			
VELF	16635	0	1556	1485	1869	1525	2101	1625	2354	1680	2801	1830
VELF	16635	0	2963	1950	3165	2095	3407	2245	3704	2415	4094	2605
VELF	16635	0	5104	2990	5670	3200	6020	3280	6667	3400	7434	3580
VELF	16635	0	8754	3845	11798	4475						
SPNT	16715		5359	15633		7736910			7			
VELF	16715	0	1535	1485	1816	1532	2061	1635	2155	1680	2416	1731
VELF	16715	0	2616	1800	2810	1885	3182	2035	3407	2160	3744	2395
VELF	16715	0	4091	2625	4444	2820	5131	3000	5697	3130	6007	3250
VELF	16715	0	6640	3510	7084	3550	8242	3765	9374	3950	11933	4460
SPNT	16795		5386	16415		7736287			7			
VELF	16795	0	1525	1485	1684	1509	1838	1525	2040	1610	2253	1675
VELF	16795	0	2414	1710	2646	1770	2919	1935	3192	2095	3434	2250
VELF	16795	0	3771	2450	4323	2735	5158	3170	5737	3305	6667	3505
VELF	16795	0	8094	3800	9441	3975	11973	4500				
SPNT	16875		5412	17189		7735654			7			
VELF	16875	0	1525	1485	1818	1525	2004	1605	2160	1663	2384	1715
VELF	16875	0	2586	1790	2838	1905	3010	2010	3309	2161	3667	2395
VELF	16875	0	3939	2525	4997	2980	5724	3300	6020	3370	6694	3475
VELF	16875	0	8741	3930	11960	4560						
SPNT	16955		5439	17966		7735024			7			
VELF	16955	0	1505	1485	1582	1498	1758	1520	1993	1615	2263	1695
VELF	16955	0	2465	1755	2747	1865	3125	2085	3380	2255	3949	2550
VELF	16955	0	4343	2745	5010	3015	5832	3325	6626	3500	8013	3825
VELF	16955	0	9966	4170	11960	4515						
SPNT	17035		5466	18742		7734393			7			
VELF	17035	0	1495	1485	1785	1543	2091	1650	2404	1715	2596	1785
VELF	17035	0	2818	1880	3131	2075	3697	2410	4242	2695	4556	2850
VELF	17035	0	5064	3055	5347	3230	5845	3350	6801	3530	7960	3805
VELF	17035	0	9576	4150	11933	4550						
SPNT	17115		5492	19532		7733781			7			
VELF	17115	0	1485	1485	1717	1520	2000	1615	2273	1685	2556	1775
VELF	17115	0	2788	1927	3141	2130	3650	2400	3946	2560	4175	2750
VELF	17115	0	4566	2945	5710	3275	6465	3455	7327	3625	8741	3930
VELF	17115	0	11838	4530								
SPNT	17195		5519	20365		7733226			7			
VELF	17195	0	1465	1485	1778	1535	2002	1647	2283	1705	2566	1790
VELF	17195	0	2798	1890	3192	2165	3384	2240	3616	2350	4108	2700
VELF	17195	0	5010	3005	5838	3210	7071	3355	8040	3545	9657	4100
VELF	17195	0	11919	4540								
SPNT	17275		5546	21184		7732653			7			
VELF	17275	0	1485	1485	1758	1530	1980	1635	2485	1745	2778	1905
VELF	17275	0	3111	2115	3364	2250	3616	2385	3973	2650	4458	2850
VELF	17275	0	4943	3055	5832	3245	6963	3530	9172	4025	11865	4545
SPNT	17355		5572	22016		7732098			7			
VELF	17355	0	1444	1485	1667	1510	1848	1570	2037	1648	2327	1744
VELF	17355	0	2576	1834	2770	1932	2939	2025	3111	2105	3313	2245
VELF	17355	0	3626	2375	4215	2715	5077	3050	5872	3300	6155	3360
VELF	17355	0	7461	3700	9293	4000	11919	4515				
SPNT	17435		5599	22844		7731536			7			
VELF	17435	0	1444	1485	1717	1520	1838	1580	2152	1679	2323	1735
VELF	17435	0	2586	1830	2892	2003	3131	2130	3313	2300	3623	2455
VELF	17435	0	3929	2655	4283	2840	5064	3050	6020	3400	7475	3695
VELF	17435	0	8862	4000	11919	4590						
SPNT	17515		5626	23672		7730976			7			
VELF	17515	0	1444	1485	1760	1541	1919	1615	2162	1665	2414	1750
VELF	17515	0	2602	1863	2892	2017	3103	2131	3545	2345	3906	2615
VELF	17515	0	4323	2790	5024	3045	5953	3350	6519	3505	8013	3795
VELF	17515	0	9145	3925	11933	4495						
SPNT	17595		5652	24497		7730412			7			
VELF	17595	0	1444	1485	1717	1525	1939	1630	2182	1700	2404	1755
VELF	17595	0	2586	1825	2737	1910	3040	2075	3323	2255	3667	2495
VELF	17595	0	4108	2700	4673	2900	5104	2995	5253	3105	5953	3355
VELF	17595	0	6599	3495	6923	3565	9320	4080	11852	4560		
SPNT	17675		5679	25329		7729855			7			
VELF	17675	0	1434	1485	1657	1510	1919	1595	2173	1680	2325	1718
VELF	17675	0	2606	1835	3010	2075	3404	2315	3663	2460	3946	2655
VELF	17675	0	4404	2950	5131	3105	5872	3250	6249	3355	6909	3505
VELF	17675	0	7825	3745	9993	4160	11960	4500				
SPNT	17755		5706	26152		7729289			7			
VELF	17755	0	1418	1495	1596	1505	1747	1540	1929	1625	2172	1680
VELF	17755	0	2424	1760	2646	1870	3010	2080	3354	2330	3650	2450
VELF	17755	0	3960	2645	4471	2845	5104	3055	5508	3165	6155	3345
VELF	17755	0	6909	3495	7758	3680	9199	4015	11906	4510		
SPNT	17835		5732	26986		7728733			7			
VELF	17835	0	1404	1485	1704	1540	1881	1622	2152	1700	2333	1745
VELF	17835	0	2586	1835	2818	1950	3131	2150	3354	2280	3677	2460
VELF	17835	0	4000	2645	4545	2873	5118	3070	5791	3245	6842	3500
VELF	17835	0	8040	3750	9172	4045	11973	4575				
SPNT	17915		5759	27820		7728181			7			
VELF	17915	0	1404	1485	1667	1520	1879	1605	2172	1675	2404	1745
VELF	17915	0	2586	1845	2869	2005	3152	2180	3404	2330	3650	2505
VELF	17915	0	3960	2665	4229	2795	5253	3065	5818	3155	6397	3265
VELF	17915	0	6815	3400	7542	3625	8781	3885	11973	4500		
SPNT	17995		5786	28636		7727603			7			
VELF	17995	0	1387	1499	1537	1509	1684	1539	1859	1595	2152	1670
VELF	17995	0	2404	1782	2640	1905	2783	1977	2970	2070	3172	2185
VELF	17995	0	3404	2305	3690	2485	3960	2640	4215	2750	4677	2900
VELF	17995	0	5064	3065	5737	3200	6293	3240	6923	3500	7973	3735
VELF	17995	0	9253	4010	11933	4545						
SPNT	18075		5812	29470		7727052			7			
VELF	18075	0	1374	1485	1525	1507	1687	1540	1859	1605	2212	1695
VELF	18075	0	2394	1770	2667	1890	2909	1990	3141	2170	3407	2335
VELF	18075	0	3657	2495	4135	2755	4687	2950	5118	3065	5710	3180
VELF	18075	0	6364	3275	7744	3635	9684	3975	11960	4425		
SPNT	18155		5839	30300		7726493			7			
VELF	18155	0	1364	1485	1626	1520	1869	1600	2119	1673	2548	1831
VELF	18155	0	3141	2185	3643	2506	4034	2680	4195	2735	5104	3050
VELF	18155	0	5758	3145	6330	3255	7690	3610	9333	3995	11933	4530
SPNT	18235		5866	31121		7725922			7			
VELF	18235	0	1357	1493	1549	1518	1687	1549	1865	1627	2193	1704
VELF	18235	0	2394	1755	2576	1865	2828	1995	3182	2210	3623	2490
VELF	18235	0	4034	2685	4391	2835	5131	3030	5475	3095	5737	3200
VELF	18235	0	6384	3265	7394	3565	9239	4000	11879	4520		
SPNT	18315		5892	31955		7725370			7			
VELF	18315	0	1333	1485	1659	1546	1848	1605	2087	1672	2295	1738
VELF	18315	0	2525	1815	2747	1940	2990	2080	3202	2210	3495	2415
VELF	18315	0	3677	2550	4055	2711	4404	2800	5104	2995	5828	3195
VELF	18315	0	7098	3515	9670	4065	11906	4490				
SPNT	18395		5919	32786		7724813			7			
VELF	18395	0	1343	1491	1535	1505	1929	1620	2111	1670	2343	1745
VELF	18395	0	2525	1830	2801	1960	3141	2155	3626	2410	3906	2625
VELF	18395	0	4391	2880	5104	3045	5805	3145	6801	3455	7919	3675
VELF	18395	0	9185	3960	11946	4470						
SPNT	18475		5946	33609		7724246			7			
VELF	18475	0	1343	1485	1586	1515	1960	1633	2199	1699	2515	1845
VELF	18475	0	2828	1985	3152	2175	3404	2350	3643	2515	3933	2740
VELF	18475	0	4374	2855	5455	3190	7084	3550	7906	3660	9697	3955
VELF	18475	0	11973	4390								
SPNT	18555		5972	34442		7723693			7			
VELF	18555	0	1313	1485	1505	1505	1727	1565	2242	1700	2566	1845
VELF	18555	0	3111	2185	3343	2360	3949	2645	4333	2805	5428	3155
VELF	18555	0	5889	3235	6774	3485	8377	3740	9684	4010	11919	4440
SPNT	18635		5999	35280		7723145			7			
VELF	18635	0	1303	1485	1495	1500	1647	1542	1915	1632	2167	1686
VELF	18635	0	2427	1794	2667	1915	3111	2200	3364	2335	3609	2505
VELF	18635	0	3933	2675	4364	2805	5414	3160	5818	3213	6195	3305
VELF	18635	0	7286	3495	8808	3840	11879	4515				
SPNT	18715		6026	36104		7722580			7			
VELF	18715	0	1296	1489	1488	1511	1650	1561	1808	1615	2071	1660
VELF	18715	0	2323	1750	2626	1895	2879	2030	3125	2245	3626	2505
VELF	18715	0	3906	2645	4377	2825	5360	3130	5832	3185	6384	3285
VELF	18715	0	7852	3655	9710	4090	11906	4515				
SPNT	18795		6052	36927		7722011			7			
VELF	18795	0	1303	1485	1482	1512	1622	1552	1683	1577	1807	1624
VELF	18795	0	2030	1660	2212	1705	2354	1775	2566	1865	2650	1948
VELF	18795	0	2909	2090	3141	2205	3323	2315	3623	2505	3865	2700
VELF	18795	0	4377	2845	4902	3005	5320	3100	5805	3180	6640	3400
VELF	18795	0	7825	3645	9266	3965	11933	4475				
SPNT	18875		6079	37760		7721458			7			
VELF	18875	0	1283	1491	1495	1510	1717	1580	1929	1625	2182	1695
VELF	18875	0	2535	1850	2869	2050	3182	2260	3636	2520	3852	2650
VELF	18875	0	4391	2850	5320	3095	5737	3205	6276	3280	7111	3415
VELF	18875	0	8391	3755	9306	3980	11892	4475				
SPNT	18955		6106	38592		7720904			7			
VELF	18955	0	1273	1485	1465	1500	1646	1560	1778	1615	2111	1680
VELF	18955	0	2505	1845	2808	2015	3152	2255	3451	2431	3616	2521
VELF	18955	0	3899	2645	4323	2805	5387	3075	5697	3155	6505	3305
VELF	18955	0	8040	3665	9616	4005	11852	4475				
SPNT	19035		6132	39417		7720340			7			
VELF	19035	0	1273	1485	1424	1500	1636	1550	1778	1605	2121	1675
VELF	19035	0	2333	1765	2481	1853	2758	1985	3172	2225	3414	2425
VELF	19035	0	3626	2535	3886	2660	4296	2825	5064	3085	5643	3175
VELF	19035	0	6963	3510	9293	4010	11906	4525				
SPNT	19115		6159	40253		7719789			7			
VELF	19115	0	1273	1485	1444	1500	1663	1573	1889	1640	2121	1685
VELF	19115	0	2475	1835	2717	1950	3040	2150	3327	2380	3623	2535
VELF	19115	0	3865	2670	4310	2860	5118	3075	5441	3145	6276	3300
VELF	19115	0	7650	3645	9441	4105	11919	4580				
SPNT	19195		6186	41083		7719232			7			
VELF	19195	0	1273	1485	1455	1500	1657	1560	1828	1635	2074	1685
VELF	19195	0	2209	1749	2434	1825	2667	1960	2889	2100	3333	2325
VELF	19195	0	3582	2500	3852	2640	4283	2840	5024	3060	5522	3165
VELF	19195	0	6290	3345	7690	3645	9441	4040	11933	4550		
SPNT	19275		6212	41905		7718663			7			
VELF	19275	0	1253	1485	1505	1520	1694	1590	2047	1686	2253	1735
VELF	19275	0	2479	1857	2667	1972	2939	2110	3340	2350	3582	2545
VELF	19275	0	3906	2690	4242	2805	5037	3110	5670	3215	6384	3345
VELF	19275	0	7434	3505	9468	3840	11906	4380				
SPNT	19355		6239	42741		7718113			7			
VELF	19355	0	1259	1495	1404	1503	1586	1549	1899	1650	2263	1725
VELF	19355	0	2498	1851	2667	1959	2976	2145	3364	2370	3596	2550
VELF	19355	0	4242	2820	4636	2950	5024	3055	5468	3140	6734	3435
VELF	19355	0	8242	3760	9401	4055	11973	4535				
SPNT	19435		6266	43564		7717546			7			
VELF	19435	0	1253	1485	1515	1515	1747	1580	1889	1640	2253	1735
VELF	19435	0	2576	1890	2889	2080	3202	2305	3606	2540	4242	2825
VELF	19435	0	5051	2995	5670	3160	6182	3290	6640	3470	9333	3950
VELF	19435	0	11960	4475								
SPNT	19515		6292	44393		7716987			7			
VELF	19515	0	1242	1485	1434	1505	1636	1573	1758	1615	2030	1670
VELF	19515	0	2283	1755	2502	1869	2778	2015	3182	2265	3623	2490
VELF	19515	0	3933	2640	4242	2845	5104	3150	5549	3270	6155	3405
VELF	19515	0	6801	3530	9239	3980	11906	4520				
SPNT	19595		6319	45229		7716438			7			
VELF	19595	0	1253	1485	1424	1515	1636	1565	1798	1625	2081	1685
VELF	19595	0	2283	1770	2545	1880	2828	2030	3192	2330	3616	2600
VELF	19595	0	4189	2805	4768	3010	5495	3255	6074	3370	7596	3545
VELF	19595	0	9239	3895	11946	4500						
SPNT	19675		6346	46053		7715871			7			
VELF	19675	0	1242	1485	1438	1517	1609	1557	1798	1625	2030	1680
VELF	19675	0	2242	1767	2512	1893	2869	2065	3202	2275	3576	2505
VELF	19675	0	3785	2640	4189	2790	5091	3065	5535	3150	6680	3445
VELF	19675	0	9859	4040	11987	4470						
SPNT	19755		6372	46888		7715320			7			
VELF	19755	0	1242	1485	1455	1515	1636	1572	1909	1655	2222	1735
VELF	19755	0	2495	1855	2707	1960	2960	2095	3303	2350	3542	2470
VELF	19755	0	3973	2640	4175	2750	4404	2875	5172	3125	5535	3215
VELF	19755	0	6141	3350	7044	3560	8013	3760	9279	3950	11960	4505
SPNT	19835		6399	47715		7714759			7			
VELF	19835	0	1242	1485	1455	1510	1663	1583	1879	1645	2182	1730
VELF	19835	0	2472	1859	2687	1955	2889	2085	3219	2360	3650	2570
VELF	19835	0	3973	2760	4556	2945	5522	3150	6074	3295	6559	3445
VELF	19835	0	7367	3600	9872	4120	11973	4530				
SPNT	19915		6426	48536		7714188			7			
VELF	19915	0	1253	1485	1465	1516	1628	1569	1885	1656	2147	1725
VELF	19915	0	2340	1804	2504	1891	2657	1971	2815	2060	2968	2164
VELF	19915	0	3172	2280	3374	2390	3657	2600	3808	2705	4354	2905
VELF	19915	0	4714	3000	5077	3085	5643	3255	7003	3490	8229	3745
VELF	19915	0	9293	4010	11865	4540						
SPNT	19995		6452	49367		7713632			7			
VELF	19995	0	1246	1499	1444	1510	1633	1567	1859	1650	2141	1720
VELF	19995	0	2404	1825	2636	1945	2973	2149	3253	2330	3636	2580
VELF	19995	0	4091	2800	4714	2965	5519	3170	6613	3495	7205	3580
VELF	19995	0	9279	3995	11933	4525						
SPNT	20075		6479	50201		7713078			7			
VELF	20075	0	1232	1485	1424	1505	1595	1560	1873	1650	2152	1725
VELF	20075	0	2354	1810	2625	1954	2960	2115	3394	2440	3596	2550
VELF	20075	0	3990	2755	4444	2945	4741	3040	5360	3180	6182	3385
VELF	20075	0	6923	3500	8215	3730	9320	3920	11906	4435		
SPNT	20155		6506	51026		7712514			7			
VELF	20155	0	1242	1485	1414	1505	1576	1545	1838	1650	2152	1720
VELF	20155	0	2394	1825	2596	1930	2909	2085	3394	2455	3650	2605
VELF	20155	0	4027	2755	4758	3095	5549	3155	7030	3405	9468	3935
VELF	20155	0	11919	4425								
SPNT	20235		6532	51855		7711955			7			
VELF	20235	0	1253	1485	1444	1505	1596	1550	1683	1594	1844	1660
VELF	20235	0	2155	1747	2387	1838	2618	1952	2939	2110	3202	2295
VELF	20235	0	3434	2465	3646	2595	3987	2766	4418	2900	4943	3040
VELF	20235	0	5549	3150	6276	3230	6963	3385	8108	3605	9832	3995
VELF	20235	0	11879	4420								
SPNT	20315		6559	52686		7711397			7			
VELF	20315	0	1253	1485	1465	1523	1623	1575	1862	1667	2121	1715
VELF	20315	0	2397	1833	2640	1973	2970	2173	3215	2343	3404	2445
VELF	20315	0	3697	2635	4263	2860	4798	3015	5596	3150	7030	3450
VELF	20315	0	7892	3575	8633	3750	11946	4460				
SPNT	20395		6586	53517		7710842			7			
VELF	20395	0	1253	1485	1455	1510	1707	1595	1879	1665	2051	1690
VELF	20395	0	2388	1844	2640	1983	2784	2065	2990	2170	3182	2300
VELF	20395	0	3414	2470	3657	2610	4242	2865	4808	3035	5360	3200
VELF	20395	0	6303	3355	7178	3505	8391	3720	10088	3995	11906	4365
SPNT	20475		6612	54341		7710276			7			
VELF	20475	0	1246	1497	1461	1518	1643	1573	1879	1660	2101	1720
VELF	20475	0	2364	1835	2798	2050	3131	2250	3609	2595	4162	2860
VELF	20475	0	4862	3035	5320	3230	7020	3455	8471	3750	9239	3885
VELF	20475	0	11879	4425								
SPNT	20555		6639	55179		779728			7			
VELF	20555	0	1242	1485	1444	1505	1616	1545	1825	1659	1990	1685
VELF	20555	0	2162	1745	2375	1853	2633	1986	2855	2100	3212	2330
VELF	20555	0	3636	2595	3852	2705	4269	2880	5077	3155	5508	3235
VELF	20555	0	6047	3295	7340	3470	9387	3990	11933	4500		
SPNT	20635		6666	55994		779150			7			
VELF	20635	0	1253	1497	1397	1509	1559	1541	1737	1610	1926	1683
VELF	20635	0	2141	1730	2364	1815	2633	1983	2838	2097	3061	2255
VELF	20635	0	3212	2340	3646	2595	4175	2840	4586	2990	4970	3140
VELF	20635	0	5751	3280	6640	3425	7879	3635	8485	3830	9670	4080
VELF	20635	0	11960	4505								
SPNT	20715		6692	56834		778605			7			
VELF	20715	0	1253	1485	1586	1525	1798	1625	2121	1720	2343	1810
VELF	20715	0	2664	1998	2859	2085	3121	2265	3360	2451	3613	2616
VELF	20715	0	3848	2790	4131	2905	4263	2945	4943	3145	5764	3360
VELF	20715	0	6343	3465	7852	3710	9360	3950	11946	4450		
SPNT	20795		6719	57667		778052			7			
VELF	20795	0	1263	1485	1485	1510	1687	1565	1838	1635	2121	1700
VELF	20795	0	2460	1900	2677	1985	2855	2135	3111	2280	3364	2405
VELF	20795	0	3576	2560	3865	2705	4148	2820	4983	3050	6209	3350
VELF	20795	0	7690	3670	9212	4000	11933	4500				
SPNT	20875		6746	58493		777490			7			
VELF	20875	0	1273	1485	1444	1510	1616	1550	1848	1645	2172	1745
VELF	20875	0	2460	1898	2716	2028	3111	2265	3374	2400	3582	2545
VELF	20875	0	4121	2795	4323	2855	5024	3055	6330	3390	6963	3550
VELF	20875	0	9212	3960	11973	4480						
SPNT	20955		6772	59319		776928			7			
VELF	20955	0	1242	1485	1471	1517	1707	1591	1970	1681	2182	1763
VELF	20955	0	2424	1865	2737	2015	3010	2180	3182	2305	3566	2575
VELF	20955	0	4296	2955	5024	3095	6061	3280	7152	3555	8337	3795
VELF	20955	0	9212	3950	11933	4490						
SPNT	21035		6799	60154		776376			7			
VELF	21035	0	1273	1485	1465	1510	1636	1555	1707	1591	1838	1635
VELF	21035	0	2061	1695	2253	1785	2406	1876	2687	2015	2859	2110
VELF	21035	0	3101	2260	3343	2410	3636	2585	4094	2805	4768	3015
VELF	21035	0	5428	3165	6276	3355	7865	3750	9185	4005	11906	4530
SPNT	21115		6826	60980		775813			7			
VELF	21115	0	1263	1485	1475	1513	1673	1575	1838	1640	2081	1705
VELF	21115	0	2280	1792	2415	1890	2636	2000	2818	2105	3152	2290
VELF	21115	0	3354	2430	3623	2645	4337	2895	4943	3045	5428	3170
VELF	21115	0	5872	3250	6747	3470	7596	3695	9239	4005	11960	4510
SPNT	21195		6852	61808		775252			7			
VELF	21195	0	1273	1485	1458	1515	1645	1561	1865	1657	2120	1728
VELF	21195	0	2320	1827	2646	2010	2879	2105	3141	2255	3333	2395
VELF	21195	0	3535	2505	3960	2705	4256	2895	4768	3045	6195	3305
VELF	21195	0	7286	3590	9266	3900	10249	4084	11939	4400		
SPNT	21275		6879	62643		774701			7			
VELF	21275	0	1263	1485	1424	1495	1690	1573	1899	1650	2131	1695
VELF	21275	0	2404	1855	2667	2015	2909	2170	3125	2315	3327	2400
VELF	21275	0	3529	2505	3852	2725	4283	2850	4929	3050	6721	3445
VELF	21275	0	9199	3905	11933	4465						
SPNT	21355		6906	63460		774125			7			
VELF	21355	0	1283	1485	1497	1512	1699	1582	1811	1634	2141	1705
VELF	21355	0	2348	1848	2535	1930	2838	2080	3121	2230	3333	2375
VELF	21355	0	3542	2500	3811	2645	4754	2950	5199	3075	6168	3295
VELF	21355	0	8081	3710	9926	3995	11892	4390				
SPNT	21435		6932	64300		773581			7			
VELF	21435	0	1293	1495	1495	1505	1708	1589	1879	1645	2121	1695
VELF	21435	0	2246	1771	2364	1825	2532	1920	2721	2070	3121	2300
VELF	21435	0	3313	2455	3569	2605	4148	2825	5158	3070	6397	3335
VELF	21435	0	7771	3685	9912	4075	11919	4475				
SPNT	21515		6959	65122		773012			7			
VELF	21515	0	1283	1485	1612	1550	1786	1611	1957	1672	2107	1713
VELF	21515	0	2335	1819	2677	1945	3138	2205	3354	2350	3556	2500
VELF	21515	0	4108	2730	4673	3055	5333	3200	6747	3475	8189	3765
VELF	21515	0	10047	4155	11906	4500						
SPNT	21595		6986	65963		772468			7			
VELF	21595	0	1303	1495	1404	1497	1515	1510	1677	1550	1899	1635
VELF	21595	0	2125	1705	2320	1793	2569	1905	2788	2025	3051	2220
VELF	21595	0	3323	2375	3556	2535	4256	2870	5131	3205	6101	3295
VELF	21595	0	6963	3430	8700	3780	11960	4510				
SPNT	21675		7012	66787		771904			7			
VELF	21675	0	1293	1485	1590	1532	1743	1582	1928	1662	2107	1704
VELF	21675	0	2336	1772	2553	1887	2855	2071	3169	2286	3354	2385
VELF	21675	0	3653	2556	3852	2655	4310	2860	5064	3135	5495	3245
VELF	21675	0	6667	3400	7313	3570	7865	3695	9266	4070	11919	4590
SPNT	21755		7039	67610		771336			7			
VELF	21755	0	1323	1485	1524	1519	1697	1560	1909	1650	2141	1700
VELF	21755	0	2313	1770	2505	1850	2828	2060	3030	2200	3162	2295
VELF	21755	0	3609	2555	4269	2795	5131	3100	5845	3250	6653	3395
VELF	21755	0	7609	3595	9253	4000	11879	4500				
SPNT	21835		7066	68446		77785			7			
VELF	21835	0	1313	1485	1556	1515	1752	1588	1983	1666	2144	1713
VELF	21835	0	2364	1845	2552	1934	2758	2059	2914	2131	3204	2240
VELF	21835	0	3444	2455	4135	2760	4687	2980	5051	3050	5818	3110
VELF	21835	0	7313	3340	8498	3625	9239	3790	10088	3980	11933	4360
SPNT	21915		7092	69275		77228			7			
VELF	21915	0	1327	1493	1495	1509	1646	1530	1808	1595	1929	1650
VELF	21915	0	2152	1710	2367	1817	2552	1939	2751	2059	2949	2160
VELF	21915	0	3172	2290	3636	2550	4010	2800	4418	2985	5980	3295
VELF	21915	0	6680	3400	7596	3540	9266	3900	11960	4425		
SPNT	21995		7119	70098		7699659			7			
VELF	21995	0	1343	1485	1606	1525	1779	1591	2009	1679	2343	1790
VELF	21995	0	2717	2000	2949	2145	3138	2330	3455	2600	3825	2795
VELF	21995	0	4081	2860	5145	3145	7892	3675	9657	3985	11919	4405
SPNT	22075		7146	70921		7699092			7			
VELF	22075	0	1333	1485	1535	1510	1777	1591	1939	1655	2166	1721
VELF	22075	0	2293	1783	2545	1905	3057	2155	3300	2305	3582	2455
VELF	22075	0	3919	2705	4296	2850	4754	3065	5972	3300	7084	3545
VELF	22075	0	9145	3905	11987	4470						
SPNT	22155		7172	71771		7698562			7			
VELF	22155	0	1323	1485	1556	1500	1720	1560	1949	1661	2292	1761
VELF	22155	0	2586	1895	3071	2185	3327	2350	3946	2630	4458	2830
VELF	22155	0	4983	3100	6761	3520	7838	3720	10074	4140	11933	4480
SPNT	22235		7199	72579		7697973			7			
VELF	22235	0	1354	1495	1535	1513	1707	1550	1909	1630	2202	1735
VELF	22235	0	2303	1781	2424	1845	2667	1975	2896	2085	3138	2160
VELF	22235	0	3327	2255	3603	2350	3892	2515	4471	2795	5158	2995
VELF	22235	0	5939	3320	6694	3500	8539	3810	10141	4115	11919	4440
SPNT	22315		7226	73416		7697426			7			
VELF	22315	0	1364	1485	1596	1515	1758	1560	1980	1650	2182	1710
VELF	22315	0	2424	1820	2716	1989	2911	2078	3121	2235	3327	2350
VELF	22315	0	3609	2510	3892	2650	4485	2850	5145	3045	5845	3230
VELF	22315	0	6397	3405	7394	3595	9145	3960	11865	4500		
SPNT	22395		7252	74243		7696863			7			
VELF	22395	0	1367	1497	1596	1505	1808	1580	1980	1640	2182	1700
VELF	22395	0	2570	1900	2741	2010	2911	2099	3182	2230	3404	2385
VELF	22395	0	3818	2640	4343	2945	5158	3150	5724	3295	6778	3500
VELF	22395	0	8741	3820	10061	3950	11933	4305				
SPNT	22475		7279	75072		7696303			7			
VELF	22475	0	1364	1485	1749	1559	1971	1651	2230	1722	2424	1817
VELF	22475	0	2586	1880	2883	2054	3098	2200	3380	2395	3623	2535
VELF	22475	0	3879	2645	4333	2895	4660	3045	5162	3185	6202	3410
VELF	22475	0	7596	3640	9293	3850	10007	3965	11919	4340		
SPNT	22555		7306	75901		7695744			7			
VELF	22555	0	1380	1495	1522	1505	1687	1525	1838	1575	2051	1670
VELF	22555	0	2215	1717	2525	1820	2754	1963	3111	2150	3354	2295
VELF	22555	0	3626	2450	3879	2600	4283	2830	4623	3000	5192	3140
VELF	22555	0	6242	3320	6842	3445	9185	3835	11906	4420		
SPNT	22635		7332	76733		7695190			7			
VELF	22635	0	1374	1485	1626	1510	1974	1652	2225	1703	2420	1781
VELF	22635	0	2770	1959	3141	2177	3354	2345	3609	2450	3919	2555
VELF	22635	0	4269	2705	4620	2875	5320	3125	7475	3605	9263	4070
VELF	22635	0	11946	4560								
SPNT	22715		7359	77562		7694630			7			
VELF	22715	0	1397	1493	1627	1513	1835	1583	2091	1670	2444	1785
VELF	22715	0	2583	1860	2785	1955	3162	2200	3374	2300	3758	2495
VELF	22715	0	4263	2735	4636	2865	5313	3050	5751	3250	6761	3510
VELF	22715	0	7582	3735	9374	4095	11825	4535				
SPNT	22795		7386	78390		7694071			7			
VELF	22795	0	1404	1485	1854	1588	2102	1679	2583	1867	2783	1984
VELF	22795	0	3152	2170	3414	2275	3616	2410	3919	2550	4283	2760
VELF	22795	0	4633	2870	5508	3105	6828	3480	7785	3600	9441	3940
VELF	22795	0	11909	4420								
SPNT	22875		7412	79229		7693527			7			
VELF	22875	0	1407	1485	1593	1513	1872	1589	2067	1660	2249	1710
VELF	22875	0	2582	1873	2815	1980	3152	2165	3380	2295	3657	2480
VELF	22875	0	3931	2610	4357	2795	4646	2905	5300	3100	6626	3405
VELF	22875	0	8202	3715	9953	4020	11906	4400				
SPNT	22955		7439	80053		7692959			7			
VELF	22955	0	1421	1485	1608	1502	1773	1550	1957	1616	2130	1670
VELF	22955	0	2424	1775	2747	1930	3073	2096	3219	2175	3433	2297
VELF	22955	0	3639	2471	3946	2545	4256	2700	4929	2950	5549	3145
VELF	22955	0	6451	3385	7529	3615	9266	3920	11946	4400		
SPNT	23035		7466	80877		7692394			7			
VELF	23035	0	1434	1485	1650	1510	1811	1560	1964	1625	2061	1655
VELF	23035	0	2329	1720	2485	1780	2603	1848	2755	1920	3138	2115
VELF	23035	0	3421	2240	3643	2470	3946	2650	4256	2800	4768	2950
VELF	23035	0	5279	3115	5966	3265	7663	3595	9118	3830	11973	4400
SPNT	23115		7492	81711		7691840			7			
VELF	23115	0	1441	1485	1697	1510	1907	1593	2081	1665	2290	1710
VELF	23115	0	2478	1795	2788	1930	3131	2175	3515	2385	4020	2580
VELF	23115	0	4471	2810	4970	2975	5441	3155	5936	3259	6850	3413
VELF	23115	0	7488	3555	8970	3815	11879	4375				
SPNT	23195		7519	82542		7691286			7			
VELF	23195	0	1459	1495	1647	1515	1842	1565	1945	1598	2088	1655
VELF	23195	0	2371	1745	2515	1780	2747	1890	3051	2075	3275	2180
VELF	23195	0	3476	2303	3677	2400	4020	2630	4404	2810	4963	2965
VELF	23195	0	5936	3260	7556	3550	8943	3830	11933	4380		
SPNT	23275		7546	83370		7690724			7			
VELF	23275	0	1478	1485	1704	1505	1851	1560	2074	1659	2330	1710
VELF	23275	0	2481	1761	2694	1860	2956	1995	3098	2085	3316	2200
VELF	23275	0	3582	2355	4040	2525	4350	2755	4646	2940	5212	3105
VELF	23275	0	5899	3235	6572	3345	7367	3495	8781	3695	11933	4375
SPNT	23355		7572	84202		7690169			7			
VELF	23355	0	1505	1485	1761	1515	1869	1555	2051	1630	2165	1655
VELF	23355	0	2374	1695	2515	1780	2741	1900	2956	1995	3323	2205
VELF	23355	0	3586	2335	3859	2485	4047	2535	4327	2720	4633	2810
VELF	23355	0	4983	2910	5441	3145	5953	3220	7556	3360	8956	3655
VELF	23355	0	11892	4325								
SPNT	23435		7599	85028		7689606			7			
VELF	23435	0	1522	1485	1768	1515	2067	1625	2360	1685	2479	1744
VELF	23435	0	2785	1895	3074	2051	3306	2155	3480	2241	3708	2376
VELF	23435	0	3912	2505	4148	2615	4458	2755	4663	2820	5145	2960
VELF	23435	0	5899	3145	6438	3230	7407	3405	8471	3735	9778	4055
VELF	23435	0	11933	4485								
SPNT	23515		7626	85861		7689053			7			
VELF	23515	0	1552	1485	1785	1510	2007	1590	2239	1650	2391	1690
VELF	23515	0	2519	1740	2700	1835	2896	1950	3088	2020	3316	2135
VELF	23515	0	3633	2355	3882	2575	4155	2700	4586	2825	4879	2950
VELF	23515	0	5226	3015	5468	3050	6734	3245	8027	3615	9118	3955
VELF	23515	0	10828	4315	11946	4495						
SPNT	23595		7652	86693		7688499			7			
VELF	23595	0	1559	1485	1869	1530	2114	1619	2421	1697	2602	1781
VELF	23595	0	2785	1869	3064	2035	3254	2120	3532	2220	3811	2435
VELF	23595	0	4141	2548	4330	2652	4549	2780	4892	2935	5226	3035
VELF	23595	0	5778	3195	6195	3305	6788	3405	8620	3775	9549	3935
VELF	23595	0	11906	4405								
SPNT	23675		7679	87526		7687944			7			
VELF	23675	0	1556	1485	1690	1498	1872	1525	1972	1573	2155	1625
VELF	23675	0	2401	1680	2537	1740	2667	1805	2801	1870	3113	2050
VELF	23675	0	3374	2175	3556	2270	3926	2515	4148	2700	4337	2855
VELF	23675	0	4539	2965	5832	3285	6774	3455	7623	3555	8714	3680
VELF	23675	0	9710	3810	11933	4285						
SPNT	23755		7706	88341		7687366			7			
VELF	23755	0	1556	1485	1882	1530	2126	1618	2398	1683	2590	1761
VELF	23755	0	2784	1847	3159	2066	3371	2172	3633	2280	3879	2480
VELF	23755	0	4303	2690	4542	2845	4859	2885	5320	2995	5603	3100
VELF	23755	0	6734	3340	8444	3600	10061	3900	11919	4290		
SPNT	23835		7732	89183		7686825			7			
VELF	23835	0	1566	1485	1813	1510	2027	1580	2131	1605	2298	1645
VELF	23835	0	2566	1750	2808	1855	3018	1970	3141	2050	3348	2160
VELF	23835	0	3846	2448	4121	2545	4495	2770	4899	2955	5391	3115
VELF	23835	0	6470	3230	7152	3280	7652	3380	9217	3750	10167	3950
VELF	23835	0	11990	4320								
SPNT	23915		7759	90005		7686256			7			
VELF	23915	0	1566	1485	1727	1490	1884	1525	2015	1585	2228	1658
VELF	23915	0	2390	1694	2596	1755	2919	1900	3126	2040	3394	2175
VELF	23915	0	3625	2336	3859	2500	4263	2725	4677	2945	5096	3050
VELF	23915	0	5391	3103	5869	3120	6672	3195	7811	3255	9131	3595
VELF	23915	0	10249	3930	11919	4315						
SPNT	23995		7786	90841		7685707			7			
VELF	23995	0	1581	1485	1848	1530	2030	1570	2212	1635	2419	1680
VELF	23995	0	2591	1755	2783	1830	2970	1935	3354	2105	3697	2365
VELF	23995	0	4096	2555	4439	2785	4874	3000	5131	3095	5684	3155
VELF	23995	0	6640	3285	7731	3365	9051	3600	9872	3755	11892	4185
SPNT	24075		7812	91663		7685138			7			
VELF	24075	0	1561	1485	1823	1515	1975	1565	2136	1632	2198	1658
VELF	24075	0	2394	1680	2586	1765	2778	1845	3131	2015	3307	2124
VELF	24075	0	3601	2285	3944	2495	4485	2680	5077	2900	5414	2995
VELF	24075	0	6222	3145	7650	3470	9024	3675	11879	4280		
SPNT	24155		7839	92492		7684577			7			
VELF	24155	0	1565	1493	1803	1505	1940	1555	2123	1620	2198	1663
VELF	24155	0	2389	1685	2561	1760	2760	1848	2949	1955	3283	2100
VELF	24155	0	3641	2275	4040	2480	4485	2730	5051	2905	5657	3045
VELF	24155	0	6694	3250	7616	3475	8323	3570	9064	3690	9845	3800
VELF	24155	0	11933	4240								
SPNT	24235		7866	93319		7684016			7			
VELF	24235	0	1641	1470	1763	1500	1955	1535	2253	1635	2519	1750
VELF	24235	0	2801	1880	3125	2060	3348	2200	3811	2400	4027	2505
VELF	24235	0	4455	2685	4781	2780	5279	3010	5670	3150	6222	3250
VELF	24235	0	7596	3495	9024	3735	11946	4330				
SPNT	24315		7892	94153		7683463			7			
VELF	24315	0	1641	1485	1914	1510	2217	1630	2354	1680	2505	1700
VELF	24315	0	2664	1775	2874	1895	3111	2045	3434	2210	3808	2460
VELF	24315	0	4148	2605	4512	2810	5185	2980	5939	3075	7253	3350
VELF	24315	0	9010	3890	11960	4510						
SPNT	24395		7919	94982		7682904			7			
VELF	24395	0	1677	1485	1939	1535	2148	1605	2330	1685	2566	1730
VELF	24395	0	2668	1798	2855	1915	3192	2045	3502	2270	3744	2405
VELF	24395	0	4155	2625	4566	2710	4862	2780	6168	3125	7401	3450
VELF	24395	0	8997	4000	11879	4545						
SPNT	24475		7946	95807		7682340			7			
VELF	24475	0	1657	1485	1838	1500	2013	1570	2281	1690	2532	1735
VELF	24475	0	2672	1820	2855	1925	3165	2045	3596	2345	3993	2545
VELF	24475	0	4162	2605	4539	2705	4997	2860	5293	2955	6020	3165
VELF	24475	0	7717	3605	9010	3920	11973	4470				
SPNT	24555		7972	96639		7681783			7			
VELF	24555	0	1657	1485	1899	1515	2133	1601	2296	1685	2673	1795
VELF	24555	0	3104	2050	3276	2138	3791	2370	4027	2450	4391	2655
VELF	24555	0	4875	2885	5845	3135	6936	3355	8040	3640	8983	3905
VELF	24555	0	11933	4515								
SPNT	24635		7999	97467		7681222			7			
VELF	24635	0	1663	1485	1859	1500	2027	1550	2139	1590	2311	1685
VELF	24635	0	2634	1795	2815	1875	3104	2070	3276	2140	3796	2400
VELF	24635	0	4047	2565	4579	2865	4976	2975	5906	3185	6761	3345
VELF	24635	0	8013	3650	8902	3945	11993	4565				
SPNT	24715		8026	98296		7680664			7			
VELF	24715	0	1657	1485	1832	1510	2027	1560	2343	1710	2667	1820
VELF	24715	0	2855	1905	3113	2062	3276	2143	3574	2287	3796	2406
VELF	24715	0	4054	2559	4593	2745	4916	2950	5710	3150	6505	3255
VELF	24715	0	7556	3555	8889	3835	10572	4260	11919	4520		
SPNT	24795		8052	99132		7680114			7			
VELF	24795	0	1665	1493	1832	1510	2019	1580	2424	1700	2665	1795
VELF	24795	0	2864	1918	3152	2065	3502	2250	4074	2550	4465	2755
VELF	24795	0	5212	3000	6357	3250	7865	3630	8869	3895	11987	4500
SPNT	24875		8079	99950		7679540			7			
VELF	24875	0	1650	1485	1892	1525	2170	1628	2352	1704	2533	1764
VELF	24875	0	2687	1805	2882	1915	3168	2093	3389	2222	3603	2305
VELF	24875	0	3825	2445	4108	2605	4404	2775	5226	3010	6599	3290
VELF	24875	0	7421	3530	8855	3835	11980	4470				
SPNT	24955		8106	1781		7678984			7			
VELF	24955	0	1636	1485	1818	1500	1953	1540	2081	1595	2336	1710
VELF	24955	0	2533	1775	2705	1840	2869	1920	3138	2090	3401	2230
VELF	24955	0	3906	2500	4061	2580	4377	2840	4606	2900	5212	3050
VELF	24955	0	6182	3200	7407	3480	8848	3880	11966	4545		
SPNT	25035		8132	11619		7678438			7			
VELF	25035	0	1643	1485	1852	1500	2094	1625	2342	1724	2538	1784
VELF	25035	0	2703	1859	2889	1950	3212	2100	3401	2220	3657	2390
VELF	25035	0	4031	2632	4381	2841	4599	2905	5226	3010	5737	3145
VELF	25035	0	6478	3290	7205	3545	8815	3955	11953	4545		
SPNT	25115		8159	12444		7677872			7			
VELF	25115	0	1609	1485	1832	1500	1980	1545	2189	1653	2316	1715
VELF	25115	0	2543	1793	2714	1865	2936	1980	3192	2120	3549	2305
VELF	25115	0	4108	2655	4411	2805	5239	3040	5805	3190	6465	3315
VELF	25115	0	8714	3710	11919	4415						
SPNT	25195		8186	13271		7677311			7			
VELF	25195	0	1623	1485	1811	1500	1953	1545	2192	1652	2349	1744
VELF	25195	0	2693	1873	2916	1960	3178	2100	3609	2360	4088	2650
VELF	25195	0	4680	2920	5279	3110	6572	3370	8660	3685	11980	4445
SPNT	25275		8212	14106		7676760			7			
VELF	25275	0	1630	1485	1790	1508	2000	1555	2195	1625	2512	1755
VELF	25275	0	2714	1850	3091	2050	3448	2265	3744	2415	4101	2670
VELF	25275	0	4606	2915	5333	3125	6828	3470	8458	3745	11933	4475
SPNT	25355		8239	14933		7676197			7			
VELF	25355	0	1596	1485	1859	1520	2114	1620	2350	1740	2530	1815
VELF	25355	0	2923	2015	3279	2225	3496	2352	3785	2510	4121	2680
VELF	25355	0	4391	2848	4687	2935	5562	3150	6478	3390	8007	3675
VELF	25355	0	8673	3780	11906	4440						
SPNT	25435		8266	15758		7675633			7			
VELF	25435	0	1556	1485	1805	1505	1973	1550	2148	1635	2391	1785
VELF	25435	0	2929	1965	3259	2140	3973	2605	4613	2955	5077	3085
VELF	25435	0	5603	3185	6182	3300	7354	3530	8579	3735	11980	4475
SPNT	25515		8292	16587		7675074			7			
VELF	25515	0	1596	1485	1819	1519	2128	1660	2391	1805	2896	2005
VELF	25515	0	3185	2140	3556	2325	3865	2555	4660	2855	5010	3050
VELF	25515	0	6088	3250	7367	3490	8673	3870	9630	4105	12000	4525
SPNT	25595		8319	17414		7674511			7			
VELF	25595	0	1562	1488	1778	1505	1946	1550	2141	1655	2330	1745
VELF	25595	0	2579	1825	2781	1915	2943	2000	3300	2185	3636	2450
VELF	25595	0	4000	2640	4707	2900	5616	3180	6088	3255	6559	3315
VELF	25595	0	7192	3520	8700	4005	11933	4585				
SPNT	25675		8346	18244		7673952			7			
VELF	25675	0	1576	1485	1899	1520	2162	1645	2480	1777	2714	1875
VELF	25675	0	2916	1980	3178	2145	3529	2315	3906	2590	4525	2870
VELF	25675	0	5091	3105	6182	3330	7057	3570	8673	3970	11933	4570
SPNT	25755		8372	19074		7673396			7			
VELF	25755	0	1582	1485	1777	1510	1960	1545	2139	1645	2357	1750
VELF	25755	0	2727	1900	2889	1970	3286	2175	3946	2560	4727	2905
VELF	25755	0	5347	3205	6370	3335	8660	3750	11946	4480		
SPNT	25835		8399	19901		7672833			7			
VELF	25835	0	1582	1485	1825	1515	2088	1620	2364	1740	2652	1866
VELF	25835	0	2929	1965	3394	2205	3831	2477	4094	2635	4572	2880
VELF	25835	0	5104	3000	5333	3080	6088	3220	6653	3350	7569	3555
VELF	25835	0	8646	3770	9724	4050	11980	4474				
SPNT	25915		8426	110728		7672271			7			
VELF	25915	0	1603	1490	1758	1510	1966	1560	2148	1648	2391	1760
VELF	25915	0	2647	1850	2823	1951	3044	2040	3286	2185	3764	2425
VELF	25915	0	4061	2640	4525	2905	4862	3010	5401	3135	6290	3285
VELF	25915	0	7865	3625	9832	3995	11933	4410				
SPNT	25995		8452	111558		7671711			7			
VELF	25995	0	1609	1485	1845	1510	2020	1570	2404	1755	2680	1870
VELF	25995	0	2952	2013	3174	2124	3340	2195	3603	2320	4027	2685
VELF	25995	0	4525	2900	4848	3060	5145	3145	5367	3195	6667	3400
VELF	25995	0	7461	3550	8660	3905	11906	4585				
SPNT	26075		8479	112389		7671156			7			
VELF	26075	0	1603	1485	1798	1505	1966	1555	2164	1648	2397	1750
VELF	26075	0	2694	1855	2929	1970	3205	2110	3387	2175	3584	2323
VELF	26075	0	4047	2590	4189	2740	4431	2880	5347	3165	6707	3320
VELF	26075	0	7697	3640	8552	3815	11960	4520				
SPNT	26155		8506	113214		7670592			7			
VELF	26155	0	1616	1485	1859	1515	2135	1610	2397	1750	2694	1880
VELF	26155	0	2976	2000	3212	2140	3419	2228	3838	2435	4074	2597
VELF	26155	0	4357	2835	4983	3090	5380	3121	5926	3190	6761	3295
VELF	26155	0	7205	3350	8498	3675	9643	3955	11933	4375		
SPNT	26235		8532	114042		7670031			7			
VELF	26235	0	1630	1485	1832	1510	1980	1560	2169	1650	2357	1725
VELF	26235	0	2687	1855	2929	1965	3212	2130	3481	2260	3879	2485
VELF	26235	0	4256	2705	4539	2855	5414	3105	6707	3405	7232	3555
VELF	26235	0	9670	3950	11892	4375						
SPNT	26315		8559	114879		7669480			7			
VELF	26315	0	1636	1485	1966	1545	2135	1615	2391	1735	2688	1874
VELF	26315	0	2963	1960	3172	2105	3508	2285	3960	2445	4256	2680
VELF	26315	0	4458	2800	5091	3055	5630	3190	6640	3505	8458	3845
VELF	26315	0	11960	4525								
SPNT	26395		8586	115705		7668918			7			
VELF	26395	0	1636	1485	1798	1505	1966	1550	2202	1635	2458	1765
VELF	26395	0	2673	1835	2976	1970	3259	2120	3461	2250	3852	2495
VELF	26395	0	4202	2715	4781	3055	5104	3160	5710	3245	6249	3375
VELF	26395	0	6983	3495	8593	3800	11980	4510				
SPNT	26475		8612	116533		7668358			7			
VELF	26475	0	1636	1485	2007	1545	2189	1630	2458	1745	2717	1875
VELF	26475	0	2949	1965	3253	2115	3488	2200	3946	2445	4256	2610
VELF	26475	0	4539	2810	4768	2950	5098	3085	5710	3210	6290	3420
VELF	26475	0	6936	3555	8458	3900	11987	4575				
SPNT	26555		8639	117360		7667795			7			
VELF	26555	0	1650	1485	1825	1513	2006	1556	2229	1635	2498	1770
VELF	26555	0	2741	1870	2936	1950	3199	2080	3468	2215	3623	2300
VELF	26555	0	4067	2600	4310	2855	4768	3005	5077	3135	6357	3400
VELF	26555	0	7219	3625	8444	3840	10000	4140	11946	4510		
SPNT	26635		8666	118190		7667238			7			
VELF	26635	0	1650	1485	1998	1553	2229	1640	2447	1762	2492	1785
VELF	26635	0	2774	1885	3017	1995	3253	2130	3791	2340	4114	2595
VELF	26635	0	4593	2855	5064	3045	5414	3155	6384	3405	8350	3940
VELF	26635	0	11946	4615								
SPNT	26715		8692	119024		7666686			7			
VELF	26715	0	1657	1485	1825	1505	2007	1540	2236	1635	2492	1760
VELF	26715	0	2781	1865	2976	1955	3279	2105	3886	2420	4209	2595
VELF	26715	0	4424	2795	5279	3100	6478	3455	8269	3760	9872	4110
VELF	26715	0	11960	4485								
SPNT	26795		8719	119849		7666120			7			
VELF	26795	0	1670	1485	1996	1549	2127	1599	2245	1654	2466	1757
VELF	26795	0	2734	1850	2962	1968	3264	2122	3495	2235	3677	2350
VELF	26795	0	4189	2665	4471	2810	4727	2945	5172	3050	5657	3200
VELF	26795	0	6532	3405	8175	3770	11966	4505				
SPNT	26875		8746	120675		7665558			7			
VELF	26875	0	1670	1485	1836	1500	2013	1540	2127	1590	2259	1653
VELF	26875	0	2444	1730	2707	1820	2960	1951	3259	2070	3663	2300
VELF	26875	0	4094	2575	4350	2705	4620	2855	5616	3130	6195	3245
VELF	26875	0	7529	3505	8242	3655	9414	3855	11946	4405		
SPNT	26955		8772	121509		7665006			7			
VELF	26955	0	1684	1485	1872	1505	2013	1535	2249	1620	2714	1810
VELF	26955	0	3051	1985	3293	2105	3475	2225	3659	2338	3973	2500
VELF	26955	0	4343	2700	4741	2910	5320	3105	6323	3245	7084	3430
VELF	26955	0	8242	3650	9428	3855	11973	4370				
SPNT	27035		8799	122338		7664446			7			
VELF	27035	0	1697	1485	1872	1490	2040	1548	2248	1638	2579	1755
VELF	27035	0	2801	1850	3037	1970	3320	2115	3684	2350	4215	2620
VELF	27035	0	4593	2725	5064	2900	5401	3050	5751	3195	6438	3435
VELF	27035	0	7879	3770	9333	4005	11946	4495				
SPNT	27115		8826	123162		7663879			7			
VELF	27115	0	1704	1485	1973	1520	2249	1605	2461	1712	2625	1794
VELF	27115	0	2825	1865	3084	1995	3347	2152	3542	2260	3663	2400
VELF	27115	0	3980	2700	4418	2835	5024	3030	5360	3095	6195	3360
VELF	27115	0	7811	3735	9939	4105	11919	4480				
SPNT	27195		8852	123989		7663317			7			
VELF	27195	0	1717	1485	1879	1495	2054	1530	2256	1605	2572	1750
VELF	27195	0	2862	1885	3077	1960	3354	2120	3542	2245	3731	2350
VELF	27195	0	4128	2625	4444	2845	5064	3040	5751	3195	6761	3490
VELF	27195	0	8256	3760	10492	4200	11933	4440				
SPNT	27275		8879	124819		7662759			7			
VELF	27275	0	1717	1485	1966	1510	2081	1540	2242	1605	2559	1745
VELF	27275	0	2801	1835	3044	1935	3293	2070	3448	2170	3657	2245
VELF	27275	0	3798	2350	4054	2495	4606	2860	5017	3070	5434	3180
VELF	27275	0	6357	3350	8135	3650	11966	4505				
SPNT	27355		8906	125647		7662199			7			
VELF	27355	0	1737	1485	1926	1495	2141	1550	2263	1595	2381	1658
VELF	27355	0	2626	1755	2839	1848	3071	1935	3306	2075	3468	2170
VELF	27355	0	3838	2345	4242	2620	4727	2835	5185	3040	5710	3205
VELF	27355	0	6370	3400	6882	3490	8189	3690	9764	4050	11973	4455
SPNT	27435		8932	126476		7661639			7			
VELF	27435	0	1744	1485	2040	1510	2276	1605	2518	1720	2677	1787
VELF	27435	0	2840	1846	3057	1935	3394	2145	3616	2260	3838	2390
VELF	27435	0	4148	2605	4424	2790	4943	2985	5402	3155	6182	3340
VELF	27435	0	6694	3480	8094	3645	10384	4210	11933	4465		
SPNT	27515		8959	127318		7661098			7			
VELF	27515	0	1737	1485	2081	1510	2276	1590	2599	1740	2774	1810
VELF	27515	0	2943	1875	3428	2125	3710	2220	3973	2390	4323	2745
VELF	27515	0	4956	3075	6316	3495	6828	3665	7973	3945	10377	4310
VELF	27515	0	11993	4575								
SPNT	27595		8986	128138		7660526			7			
VELF	27595	0	1731	1485	2040	1520	2270	1597	2566	1700	2889	1825
VELF	27595	0	3300	2060	3764	2300	4242	2495	4593	2770	5145	2950
VELF	27595	0	6330	3455	7825	3850	9306	4200	11906	4625		
SPNT	27675		9012	128962		7659961			7			
VELF	27675	0	1731	1485	1946	1495	2162	1550	2404	1630	2613	1730
VELF	27675	0	2889	1830	3360	2055	3785	2315	4175	2525	4593	2745
VELF	27675	0	5131	2920	6438	3465	7919	3855	9630	4245	11960	4620
SPNT	27835		9066	130623		7658846			7			
VELF	27835	0	1707	1500	1981	1523	2222	1590	2613	1750	2884	1828
VELF	27835	0	3141	1972	3429	2115	4007	2475	4613	2825	5103	3010
VELF	27835	0	6343	3410	7811	3700	8963	3910	10525	4155	11973	4380
