CONT	PGS A	SIA P	ACIFI									
LINE	NWS07	-10R_	PH2 X									
AREA	North	West	Shel									
INFO	WGS 8	4 DAT	UM  U									
COM1	2040p	gsnws	FINA									
SPNT	19114		6159	33675		7834425			10			
VELF	19114	0	1963	1490	2222	1510	2465	1575	2636	1645	2768	1725
VELF	19114	0	2960	1780	3162	1820	3333	1870	3798	2100	4249	2305
VELF	19114	0	4556	2540	5148	2790	5455	2920	6017	2990	6556	3075
VELF	19114	0	7303	3150	9131	3665	11980	4325				
SPNT	19194		6185	34532		7833912			10			
VELF	19194	0	1956	1485	2199	1510	2427	1547	2596	1620	2771	1735
VELF	19194	0	2970	1790	3152	1855	3323	1905	3657	2020	3949	2120
VELF	19194	0	4132	2210	4354	2405	4596	2540	4960	2735	5465	2865
VELF	19194	0	6111	2995	7374	3335	9313	3850	11859	4385		
SPNT	19274		6212	35390		7833398			10			
VELF	19274	0	1939	1485	2145	1495	2323	1530	2613	1630	2754	1730
VELF	19274	0	3101	1805	3354	1920	3707	2005	4000	2165	4313	2440
VELF	19274	0	4677	2585	5125	2795	5566	2905	6545	3120	7384	3455
VELF	19274	0	8848	3790	10242	4110	11970	4430				
SPNT	19354		6239	36249		7832886			10			
VELF	19354	0	1949	1485	2131	1490	2212	1510	2316	1535	2448	1585
VELF	19354	0	2566	1635	2778	1770	3081	1840	3343	1920	3545	1980
VELF	19354	0	3788	2050	4283	2230	4768	2485	4990	2645	5515	2950
VELF	19354	0	6394	3215	7253	3465	8141	3645	8889	3900	11987	4550
SPNT	19434		6265	37104		7832367			10			
VELF	19434	0	1929	1485	2165	1495	2337	1545	2579	1635	2778	1775
VELF	19434	0	3040	1855	3384	1955	3687	2035	4030	2205	4323	2335
VELF	19434	0	4848	2545	5303	2855	5768	3030	6788	3210	8030	3605
VELF	19434	0	9131	3900	11939	4470						
SPNT	19514		6292	37963		7831856			10			
VELF	19514	0	1909	1485	2128	1505	2333	1550	2434	1605	2732	1688
VELF	19514	0	3047	1765	3242	1835	3556	2045	4040	2355	4354	2560
VELF	19514	0	4990	2860	5636	3055	6859	3295	7475	3485	8919	3945
VELF	19514	0	11960	4510								
SPNT	19594		6319	38820		7831340			10			
VELF	19594	0	1869	1485	2040	1490	2212	1510	2444	1595	2687	1665
VELF	19594	0	2855	1705	3040	1755	3263	1825	3488	1935	3808	2090
VELF	19594	0	4108	2345	4404	2500	4990	2900	5596	3155	6394	3530
VELF	19594	0	8889	3940	11960	4415						
SPNT	19674		6345	39676		7830823			10			
VELF	19674	0	1865	1485	2111	1500	2266	1530	2387	1592	2576	1653
VELF	19674	0	2739	1710	2901	1759	3061	1795	3313	1880	3545	1950
VELF	19674	0	3848	2120	4111	2260	4323	2395	4687	2750	5017	2940
VELF	19674	0	5333	3070	5848	3250	6515	3490	7293	3650	8879	3950
VELF	19674	0	11889	4420								
SPNT	19754		6372	40532		7830307			10			
VELF	19754	0	1869	1485	2077	1495	2222	1530	2330	1565	2532	1640
VELF	19754	0	2805	1745	3013	1805	3205	1875	3404	1980	3620	2020
VELF	19754	0	3909	2150	4202	2340	4434	2595	5010	2765	5293	2990
VELF	19754	0	5869	3145	6616	3325	7455	3490	9182	3800	11899	4280
SPNT	19834		6399	41384		7829783			10			
VELF	19834	0	1838	1485	2057	1504	2323	1560	2525	1660	2657	1765
VELF	19834	0	2901	1801	3172	1895	3424	1955	3616	2010	3899	2160
VELF	19834	0	4162	2395	4414	2550	4798	2700	5222	2840	5657	2970
VELF	19834	0	6545	3095	7222	3225	9333	3495	11909	4045		
SPNT	19914		6425	42245		7829274			10			
VELF	19914	0	1808	1485	2040	1505	2269	1555	2481	1640	2680	1755
VELF	19914	0	2879	1830	3081	1885	3256	1950	3566	2105	3842	2220
VELF	19914	0	4057	2350	4434	2555	5040	2835	6081	3000	6556	3050
VELF	19914	0	7162	3210	8838	3475	10263	3775	11949	4095		
SPNT	19994		6452	43095		7828749			10			
VELF	19994	0	1828	1485	2101	1500	2242	1550	2475	1635	2707	1775
VELF	19994	0	2896	1834	3222	1940	3534	2032	3889	2245	4081	2400
VELF	19994	0	4276	2460	4727	2600	4970	2700	5333	2800	5859	2960
VELF	19994	0	6525	3115	7222	3210	9141	3605	11939	4160		
SPNT	20074		6479	43957		7828242			10			
VELF	20074	0	1818	1490	2020	1500	2232	1555	2455	1645	2710	1810
VELF	20074	0	2912	1850	3135	1930	3327	2000	3633	2055	4091	2405
VELF	20074	0	4333	2545	4798	2860	5040	2990	5960	3150	7495	3325
VELF	20074	0	8848	3590	9838	3795	11960	4195				
SPNT	20154		6505	44815		7827728			10			
VELF	20154	0	1808	1485	2101	1515	2279	1570	2453	1653	2709	1752
VELF	20154	0	2969	1839	3134	1908	3360	2018	3505	2100	3747	2245
VELF	20154	0	3970	2400	4394	2700	4869	2980	5465	3095	6364	3240
VELF	20154	0	7182	3375	8737	3675	11949	4280				
SPNT	20234		6532	45671		7827211			10			
VELF	20234	0	1808	1485	2040	1505	2273	1550	2455	1640	2667	1770
VELF	20234	0	2869	1825	3152	1915	3455	2010	4000	2290	4182	2505
VELF	20234	0	5121	2910	6404	3375	7485	3480	8889	3650	11949	4255
SPNT	20314		6559	46523		7826688			10			
VELF	20314	0	1778	1485	2051	1515	2162	1545	2364	1615	2616	1725
VELF	20314	0	2781	1790	2934	1831	3169	1908	3364	1965	3593	2090
VELF	20314	0	3832	2182	4084	2295	4263	2495	4677	2655	5121	2850
VELF	20314	0	5515	2975	6162	3050	7424	3185	9091	3495	11949	4110
SPNT	20394		6585	47381		7826174			10			
VELF	20394	0	1758	1485	2030	1510	2219	1570	2455	1655	2677	1780
VELF	20394	0	2869	1915	3242	2050	3586	2150	3734	2200	3879	2285
VELF	20394	0	4091	2420	4242	2555	4535	2735	5010	2855	5525	2955
VELF	20394	0	6192	3050	7081	3195	9192	3520	11899	4085		
SPNT	20474		6612	48240		7825661			10			
VELF	20474	0	1758	1485	1980	1510	2172	1550	2394	1635	2525	1710
VELF	20474	0	2687	1825	2900	1890	3354	2060	4182	2350	4657	2700
VELF	20474	0	5266	2900	6182	3110	6909	3250	7768	3330	9212	3495
VELF	20474	0	11949	4075								
SPNT	20554		6639	49098		7825148			10			
VELF	20554	0	1704	1490	1919	1495	2131	1540	2350	1635	2502	1710
VELF	20554	0	2707	1835	3091	1945	3424	2055	3609	2105	4040	2285
VELF	20554	0	4505	2595	4838	2745	5333	2870	6192	2975	7495	3400
VELF	20554	0	9081	3655	10310	3855	11939	4215				
SPNT	20634		6665	49957		7824636			10			
VELF	20634	0	1707	1485	2051	1520	2192	1570	2374	1660	2545	1730
VELF	20634	0	2711	1807	3061	1900	3391	2020	3562	2080	3778	2155
VELF	20634	0	4232	2400	4949	2730	5283	2845	6273	3105	7236	3350
VELF	20634	0	8010	3515	8926	3710	9970	3865	11929	4215		
SPNT	20714		6692	50814		7824121			10			
VELF	20714	0	1660	1490	1906	1510	2081	1530	2313	1585	2576	1660
VELF	20714	0	3081	1795	3441	2055	3798	2280	4182	2465	5121	2955
VELF	20714	0	5980	3285	7838	3645	10051	3900	11909	4205		
SPNT	20794		6719	51672		7823607			10			
VELF	20794	0	1694	1485	1987	1520	2161	1549	2354	1585	2515	1640
VELF	20794	0	2697	1710	2899	1790	3152	1900	3343	1985	3697	2150
VELF	20794	0	4010	2285	4222	2505	4657	2775	5455	3240	6273	3520
VELF	20794	0	7354	3700	8475	3830	9990	3895	11929	4165		
SPNT	20874		6745	52533		7823098			10			
VELF	20874	0	1646	1485	1869	1495	2081	1540	2303	1595	2535	1690
VELF	20874	0	2946	1810	3253	1935	3495	2060	4000	2300	4242	2495
VELF	20874	0	5253	2980	5636	3195	6242	3375	6869	3530	7586	3550
VELF	20874	0	8990	3700	10495	3985	11899	4260				
SPNT	20954		6772	53387		7822579			10			
VELF	20954	0	1643	1485	1889	1505	2071	1540	2296	1640	2434	1720
VELF	20954	0	2566	1775	2758	1845	3131	1935	3505	2100	3939	2290
VELF	20954	0	4212	2500	4889	2770	5596	3010	6354	3155	7535	3435
VELF	20954	0	8929	3650	11960	4335						
SPNT	21034		6799	54246		7822067			10			
VELF	21034	0	1636	1485	1879	1495	2081	1550	2253	1600	2367	1660
VELF	21034	0	2545	1775	2838	1850	2997	1900	3222	1995	3566	2150
VELF	21034	0	3889	2285	4212	2545	4626	2755	5354	2905	6303	3105
VELF	21034	0	7364	3360	8253	3520	9152	3660	11919	4310		
SPNT	21114		6825	55106		7821556			10			
VELF	21114	0	1626	1485	1930	1513	2222	1595	2455	1730	2670	1802
VELF	21114	0	2965	1841	3126	1887	3397	2005	3589	2120	3879	2305
VELF	21114	0	4192	2545	4778	2785	5232	2910	6323	3095	7414	3260
VELF	21114	0	9636	3660	11939	4235						
SPNT	21194		6852	55964		7821042			10			
VELF	21194	0	1643	1490	1859	1500	2017	1525	2162	1575	2330	1670
VELF	21194	0	2458	1725	2741	1795	3051	1894	3441	2092	3879	2400
VELF	21194	0	4707	2795	5040	2935	5707	3040	6189	3105	7424	3350
VELF	21194	0	9556	3700	11949	4275						
SPNT	21274		6879	56822		7820529			10			
VELF	21274	0	1626	1485	1838	1495	2071	1545	2209	1618	2424	1705
VELF	21274	0	2672	1791	2929	1845	3379	1972	3889	2145	4192	2330
VELF	21274	0	4303	2435	4707	2795	5384	3050	6364	3290	7525	3500
VELF	21274	0	9242	3920	11980	4595						
SPNT	21354		6905	57684		7820020			10			
VELF	21354	0	1626	1485	1808	1495	1990	1525	2192	1605	2357	1665
VELF	21354	0	2475	1715	2707	1760	3000	1845	3141	1905	3283	1975
VELF	21354	0	3512	2110	3788	2300	4192	2525	4859	2910	5303	3190
VELF	21354	0	6101	3385	6667	3500	7293	3640	9040	4110	11970	4710
SPNT	21434		6932	58533		7819492			10			
VELF	21434	0	1606	1485	1838	1495	1976	1530	2209	1600	2414	1665
VELF	21434	0	2720	1745	2970	1840	3242	1990	3596	2150	3960	2350
VELF	21434	0	4232	2515	4859	3030	5384	3250	6313	3530	7364	3755
VELF	21434	0	9061	4135	11939	4715						
SPNT	21514		6959	59392		7818980			10			
VELF	21514	0	1626	1485	1818	1500	1976	1530	2121	1585	2313	1655
VELF	21514	0	2488	1720	2727	1755	2990	1805	3199	1900	3424	1995
VELF	21514	0	3677	2135	3949	2295	4232	2500	4778	2900	5303	3165
VELF	21514	0	6101	3305	6869	3505	7768	3825	9020	4145	12000	4755
SPNT	21594		6985	60244		7818457			10			
VELF	21594	0	1596	1485	1788	1489	1960	1530	2222	1625	2576	1755
VELF	21594	0	2756	1800	2934	1863	3051	1895	3354	2065	3646	2190
VELF	21594	0	3889	2340	4192	2500	4354	2610	4677	2800	5081	2950
VELF	21594	0	5556	3115	6131	3170	6859	3350	7475	3550	9051	3925
VELF	21594	0	11909	4600								
SPNT	21674		7012	61110		7817957			10			
VELF	21674	0	1593	1490	1869	1510	2074	1570	2374	1710	2646	1785
VELF	21674	0	2939	1900	3364	2005	3747	2230	4141	2495	4687	2695
VELF	21674	0	5081	2830	5626	2970	6333	3160	6798	3260	7545	3550
VELF	21674	0	9081	3865	11949	4555						
SPNT	21754		7039	61960		7817431			10			
VELF	21754	0	1587	1485	1879	1515	2054	1570	2209	1645	2364	1740
VELF	21754	0	2747	1825	2990	1920	3242	2015	3424	2110	3939	2385
VELF	21754	0	4253	2650	4667	2745	5010	2835	5582	2970	6222	3150
VELF	21754	0	7273	3310	7960	3520	9222	3915	11939	4565		
SPNT	21834		7065	62827		7816930			10			
VELF	21834	0	1576	1485	1912	1525	2118	1595	2323	1695	2525	1765
VELF	21834	0	2747	1835	3007	1915	3404	2035	3778	2200	4152	2510
VELF	21834	0	4313	2660	4626	2795	5013	2895	5323	2920	6313	3155
VELF	21834	0	7232	3300	8778	3805	11929	4610				
SPNT	21914		7092	63678		7816404			10			
VELF	21914	0	1569	1485	1875	1520	2061	1575	2313	1690	2657	1780
VELF	21914	0	2939	1910	3263	2085	3798	2260	4131	2500	4293	2610
VELF	21914	0	4556	2845	5273	2995	6131	3180	7283	3450	9182	3910
VELF	21914	0	11983	4595								
SPNT	21994		7119	64539		7815897			10			
VELF	21994	0	1566	1485	1828	1510	2030	1580	2172	1630	2303	1685
VELF	21994	0	2505	1765	2653	1820	2909	1890	3249	1985	3525	2150
VELF	21994	0	3798	2275	4111	2540	4485	2760	5061	2985	5556	3115
VELF	21994	0	6798	3300	7929	3595	9687	4050	11949	4555		
SPNT	22074		7145	65395		7815379			10			
VELF	22074	0	1545	1485	1828	1520	1990	1555	2139	1618	2343	1725
VELF	22074	0	2545	1795	2818	1870	3020	1960	3222	2000	3434	2070
VELF	22074	0	3717	2220	3949	2390	4273	2645	4515	2750	5212	3055
VELF	22074	0	5788	3155	6343	3230	7232	3420	9162	3860	11929	4525
SPNT	22154		7172	66249		7814860			10			
VELF	22154	0	1545	1485	1737	1500	1960	1550	2131	1620	2313	1725
VELF	22154	0	2758	1870	3020	1955	3303	2045	3535	2105	3919	2425
VELF	22154	0	4094	2555	4444	2695	4980	2850	6859	3235	9202	3810
VELF	22154	0	11939	4500								
SPNT	22234		7199	67107		7814347			10			
VELF	22234	0	1525	1485	1717	1495	1926	1555	2120	1636	2222	1700
VELF	22234	0	2391	1765	2707	1855	3040	1985	3404	2085	3626	2215
VELF	22234	0	3869	2370	4172	2605	4475	2795	5192	3040	5859	3105
VELF	22234	0	6515	3160	7444	3395	8111	3500	9172	3890	11960	4550
SPNT	22314		7225	67966		7813834			10			
VELF	22314	0	1485	1485	1768	1505	1939	1560	2101	1625	2242	1740
VELF	22314	0	2418	1780	2744	1860	3020	1960	3323	2105	3535	2210
VELF	22314	0	3808	2380	4040	2600	4465	2775	5152	2965	6404	3280
VELF	22314	0	7434	3485	9283	3970	11939	4575				
SPNT	22394		7252	68822		7813316			10			
VELF	22394	0	1495	1485	1791	1515	1990	1595	2212	1705	2407	1780
VELF	22394	0	2680	1850	2960	1960	3182	2065	3606	2210	3939	2440
VELF	22394	0	4424	2750	4949	2980	5323	3110	5848	3200	6424	3255
VELF	22394	0	7172	3350	7677	3455	9101	3795	10525	4225	11949	4530
SPNT	22474		7279	69678		7812801			10			
VELF	22474	0	1475	1485	1717	1515	1879	1550	2074	1630	2212	1720
VELF	22474	0	2475	1780	2724	1875	2909	1930	3364	2145	3566	2255
VELF	22474	0	3919	2565	4364	2805	4909	3095	5354	3150	6414	3295
VELF	22474	0	7323	3440	8919	3740	11939	4505				
SPNT	22554		7305	70532		7812281			10			
VELF	22554	0	1475	1485	1732	1514	2040	1615	2222	1735	2414	1770
VELF	22554	0	2687	1855	2929	1955	3212	2085	3535	2280	4131	2590
VELF	22554	0	4798	3010	5212	3100	6848	3400	8929	3750	11960	4515
SPNT	22634		7332	71391		7811768			10			
VELF	22634	0	1475	1485	1677	1510	1838	1550	1960	1610	2182	1720
VELF	22634	0	2475	1795	2828	1920	3192	2075	3488	2250	3899	2485
VELF	22634	0	4111	2610	4828	3000	5808	3265	6758	3360	9232	3845
VELF	22634	0	11949	4510								
SPNT	22714		7359	72248		7811253			10			
VELF	22714	0	1461	1485	1604	1494	1788	1530	2172	1725	2606	1810
VELF	22714	0	2859	1950	3005	2008	3263	2120	3771	2475	4152	2715
VELF	22714	0	4596	2895	5253	3200	5690	3250	6242	3295	7202	3440
VELF	22714	0	9273	3870	11929	4530						
SPNT	22794		7385	73106		7810740			10			
VELF	22794	0	1434	1485	1646	1505	1825	1550	1983	1620	2162	1725
VELF	22794	0	2444	1790	2663	1875	2865	1970	3256	2155	3465	2285
VELF	22794	0	3808	2510	4131	2755	4566	2920	5172	3075	5636	3255
VELF	22794	0	6727	3450	7788	3620	9202	3755	10293	3950	11929	4305
SPNT	22874		7412	73968		7810232			10			
VELF	22874	0	1418	1485	1606	1500	1768	1545	1965	1629	2150	1731
VELF	22874	0	2354	1800	2687	1885	3091	2095	3455	2260	3778	2470
VELF	22874	0	4061	2655	4566	2845	5051	3030	5384	3205	6051	3350
VELF	22874	0	7040	3450	8414	3660	10000	3890	11939	4315		
SPNT	22954		7439	74826		789718			10			
VELF	22954	0	1414	1485	1593	1510	1771	1550	1909	1600	2141	1710
VELF	22954	0	2475	1825	2848	1990	3465	2305	3919	2600	4586	2920
VELF	22954	0	4980	3095	5364	3205	6091	3285	6869	3415	9212	3815
VELF	22954	0	11919	4405								
SPNT	23034		7465	75682		789201			10			
VELF	23034	0	1384	1480	1576	1501	1747	1545	1892	1607	2101	1725
VELF	23034	0	2318	1790	2522	1860	2707	1940	2879	2025	3253	2225
VELF	23034	0	3535	2405	4172	2845	5020	3125	5448	3200	6404	3330
VELF	23034	0	8010	3610	10162	4015	11939	4390				
SPNT	23114		7492	76538		788683			10			
VELF	23114	0	1377	1485	1569	1510	1717	1545	1912	1620	2101	1710
VELF	23114	0	2343	1765	2603	1875	2805	1965	3020	2065	3283	2285
VELF	23114	0	3626	2495	3960	2780	4976	3095	5596	3280	6586	3460
VELF	23114	0	9141	3830	11919	4390						
SPNT	23194		7519	77396		788171			10			
VELF	23194	0	1384	1485	1546	1498	1723	1543	1899	1615	2051	1695
VELF	23194	0	2333	1775	2525	1890	2859	2030	3007	2100	3283	2270
VELF	23194	0	3690	2511	3980	2675	4182	2760	4515	2940	4960	3130
VELF	23194	0	5606	3240	6566	3395	7990	3655	9091	3825	11929	4395
SPNT	23274		7545	78255		787659			10			
VELF	23274	0	1323	1485	1556	1510	1727	1560	1882	1620	2121	1740
VELF	23274	0	2256	1770	2465	1825	2727	1900	3040	2060	3273	2220
VELF	23274	0	3566	2360	3909	2595	4192	2725	4529	2885	4949	3030
VELF	23274	0	5717	3305	6556	3410	7434	3565	9212	3930	11939	4490
SPNT	23354		7572	79107		787134			10			
VELF	23354	0	1313	1485	1521	1510	1677	1540	1838	1610	1990	1685
VELF	23354	0	2242	1780	2465	1830	2727	1955	2990	2100	3343	2295
VELF	23354	0	3889	2650	4606	2870	4828	2955	5303	3095	6222	3290
VELF	23354	0	7212	3505	8980	3850	11899	4515				
SPNT	23434		7599	79971		786632			10			
VELF	23434	0	1317	1485	1515	1505	1677	1545	1879	1625	2040	1715
VELF	23434	0	2232	1770	2455	1835	2616	1930	2754	1985	3027	2125
VELF	23434	0	3343	2275	3747	2535	4051	2785	5000	3065	5727	3155
VELF	23434	0	6566	3290	7990	3515	9152	3695	11970	4350		
SPNT	23514		7625	80825		786110			10			
VELF	23514	0	1313	1485	1510	1516	1667	1545	1818	1605	2061	1730
VELF	23514	0	2253	1775	2388	1840	2560	1904	2788	1975	3071	2200
VELF	23514	0	3354	2340	3717	2515	4040	2735	4313	2905	5000	3100
VELF	23514	0	5263	3185	5737	3290	6253	3345	7525	3440	9131	3700
VELF	23514	0	11919	4335								
SPNT	23594		7652	81681		785594			10			
VELF	23594	0	1273	1485	1481	1510	1636	1540	1815	1605	2010	1710
VELF	23594	0	2222	1790	2475	1880	2680	1960	2879	2050	3141	2205
VELF	23594	0	3394	2365	3737	2550	4111	2795	4320	2900	4697	3045
VELF	23594	0	5020	3100	5475	3295	6242	3405	7192	3520	8778	3670
VELF	23594	0	10192	3940	11949	4275						
SPNT	23674		7679	82542		785085			10			
VELF	23674	0	1277	1490	1434	1500	1576	1530	1747	1595	1933	1685
VELF	23674	0	2205	1780	2458	1882	2669	1962	2879	2040	3162	2210
VELF	23674	0	3391	2355	3758	2525	4040	2675	4505	2915	4788	3125
VELF	23674	0	5667	3390	6283	3440	7343	3535	9384	3785	11919	4275
SPNT	23754		7705	83396		784565			10			
VELF	23754	0	1273	1485	1444	1495	1589	1535	1758	1600	1896	1670
VELF	23754	0	2010	1720	2323	1800	2515	1900	2859	2040	3232	2270
VELF	23754	0	3485	2465	3875	2705	4131	2890	4838	3195	5707	3400
VELF	23754	0	6667	3480	7525	3570	9566	3745	11929	4125		
SPNT	23834		7732	84257		784055			10			
VELF	23834	0	1253	1485	1419	1501	1576	1535	1727	1590	1929	1685
VELF	23834	0	2202	1780	2455	1890	2697	1980	2960	2080	3170	2244
VELF	23834	0	3424	2420	3828	2635	4081	2750	4293	2865	4828	3155
VELF	23834	0	5768	3445	6475	3540	7091	3550	8929	3700	11949	4150
SPNT	23914		7759	85111		783537			10			
VELF	23914	0	1242	1485	1434	1505	1582	1545	1721	1595	1869	1650
VELF	23914	0	1980	1735	2269	1780	2451	1855	2646	1950	2929	2090
VELF	23914	0	3162	2245	3502	2445	3791	2655	4138	2795	4572	2965
VELF	23914	0	4902	3100	5727	3270	6424	3390	7960	3585	9707	3795
VELF	23914	0	11980	4160								
SPNT	23994		7785	85971		783025			10			
VELF	23994	0	1242	1485	1409	1504	1596	1540	1859	1650	2034	1755
VELF	23994	0	2221	1792	2474	1900	2634	1978	2857	2081	3162	2260
VELF	23994	0	3498	2460	3811	2635	4111	2850	4717	3025	5081	3165
VELF	23994	0	5677	3295	6505	3350	7970	3550	9505	3780	11970	4160
SPNT	24074		7812	86835		782521			10			
VELF	24074	0	1242	1485	1414	1510	1657	1575	1788	1640	1916	1710
VELF	24074	0	2104	1750	2273	1785	2461	1895	2879	2070	3182	2285
VELF	24074	0	3643	2535	4148	2905	4838	3150	5798	3200	6515	3255
VELF	24074	0	7758	3430	9616	3855	11889	4205				
SPNT	24154		7839	87688		782000			10			
VELF	24154	0	1242	1490	1424	1505	1636	1560	1872	1690	2082	1761
VELF	24154	0	2259	1810	2461	1920	2618	1987	2859	2095	3192	2355
VELF	24154	0	3455	2495	4020	2800	4384	2935	4919	3065	5879	3220
VELF	24154	0	6465	3395	7485	3545	8939	3810	11859	4340		
SPNT	24234		7865	88544		781482			10			
VELF	24234	0	1230	1487	1401	1505	1576	1550	1737	1620	1869	1705
VELF	24234	0	2104	1760	2310	1830	2576	1980	2879	2125	3232	2280
VELF	24234	0	3535	2525	4101	2850	4818	3090	6465	3555	8071	3805
VELF	24234	0	9535	4020	11949	4480						
SPNT	24314		7892	89402		78969			10			
VELF	24314	0	1229	1485	1407	1505	1519	1540	1673	1603	1835	1695
VELF	24314	0	2001	1749	2296	1825	2433	1909	2586	2002	2822	2107
VELF	24314	0	2992	2154	3192	2300	3660	2590	3946	2730	4394	2960
VELF	24314	0	4889	3195	5869	3385	6525	3530	8162	3800	9556	4045
VELF	24314	0	11919	4480								
SPNT	24394		7919	90261		78456			10			
VELF	24394	0	1227	1490	1404	1510	1660	1585	1859	1690	2121	1770
VELF	24394	0	2323	1855	2515	1940	2710	2040	3027	2195	3424	2440
VELF	24394	0	3919	2705	4384	2880	4939	3085	5980	3240	7929	3555
VELF	24394	0	11970	4375								
SPNT	24474		7945	91119		7799943			10			
VELF	24474	0	1242	1485	1396	1509	1616	1570	1859	1739	2141	1780
VELF	24474	0	2354	1850	2788	2050	3104	2240	3287	2339	3677	2570
VELF	24474	0	3838	2655	4404	2975	4828	3100	5899	3310	6768	3405
VELF	24474	0	8152	3670	11919	4425						
SPNT	24554		7972	91974		7799425			10			
VELF	24554	0	1216	1488	1455	1525	1626	1585	1825	1715	2202	1825
VELF	24554	0	2424	1910	2576	2015	2899	2150	3192	2310	3455	2530
VELF	24554	0	3899	2805	4333	3050	5141	3320	5929	3370	6455	3460
VELF	24554	0	8212	3750	9646	3990	11960	4450				
SPNT	24634		7999	92833		7798913			10			
VELF	24634	0	1222	1490	1463	1523	1616	1580	1848	1680	2111	1795
VELF	24634	0	2415	1929	2828	2085	3047	2260	3242	2395	3495	2515
VELF	24634	0	3906	2800	4111	2950	4374	3110	5121	3275	5343	3325
VELF	24634	0	5939	3505	6545	3600	7606	3745	8327	3830	9242	3935
VELF	24634	0	11970	4435								
SPNT	24714		8025	93692		7798400			10			
VELF	24714	0	1224	1490	1404	1505	1620	1570	1862	1725	2077	1795
VELF	24714	0	2263	1820	2576	1995	2848	2145	3222	2325	3545	2455
VELF	24714	0	3687	2590	3869	2780	4000	2855	4333	2975	4768	3135
VELF	24714	0	5323	3290	6172	3385	6939	3530	9152	3955	11970	4470
SPNT	24794		8052	94551		7797888			10			
VELF	24794	0	1239	1490	1357	1505	1603	1565	1795	1685	1966	1760
VELF	24794	0	2172	1810	2394	1895	2587	1967	2744	2050	3051	2150
VELF	24794	0	3290	2305	3646	2545	4303	2975	4737	3160	5370	3300
VELF	24794	0	5899	3365	6545	3465	7838	3710	8949	3870	11939	4460
SPNT	24874		8079	95401		7797362			10			
VELF	24874	0	1220	1490	1394	1510	1495	1555	1626	1585	1778	1700
VELF	24874	0	1886	1751	2148	1835	2397	1920	2586	1980	2747	2025
VELF	24874	0	3071	2185	3323	2365	3556	2545	3909	2755	4253	2870
VELF	24874	0	4828	3140	5869	3385	6616	3505	9182	3905	11980	4465
SPNT	24954		8105	96265		7796859			10			
VELF	24954	0	1226	1490	1485	1520	1576	1540	1798	1675	2101	1775
VELF	24954	0	2404	1915	2737	2050	3061	2200	3340	2340	3606	2565
VELF	24954	0	3899	2755	4303	2975	4616	3145	5364	3265	5848	3345
VELF	24954	0	6343	3440	7061	3535	8111	3780	9848	4095	11970	4440
SPNT	25034		8132	97180		7796465			10			
VELF	25034	0	1202	1485	1363	1508	1596	1570	1811	1710	2020	1785
VELF	25034	0	2199	1840	2394	1905	2576	1995	2781	2105	3047	2235
VELF	25034	0	3303	2415	3929	2750	4293	2970	4646	3140	5162	3215
VELF	25034	0	6101	3405	7202	3570	8071	3740	11939	4505		
SPNT	25114		8159	98109		7796099			10			
VELF	25114	0	1192	1485	1437	1511	1599	1570	1851	1750	2002	1788
VELF	25114	0	2200	1825	2414	1920	2616	2000	2798	2080	3061	2240
VELF	25114	0	3333	2410	3593	2600	3919	2800	4273	3000	4650	3183
VELF	25114	0	5313	3315	6172	3450	7919	3725	9091	3895	11929	4470
SPNT	25194		8185	99043		7795740			10			
VELF	25194	0	1212	1485	1438	1500	1667	1610	1869	1735	1980	1785
VELF	25194	0	2222	1835	2418	1900	2586	1990	2798	2075	3057	2205
VELF	25194	0	3333	2335	3606	2575	3778	2675	4276	3000	4630	3180
VELF	25194	0	5077	3255	7667	3615	9444	3910	11970	4420		
SPNT	25274		8212	99970		7795365			10			
VELF	25274	0	1203	1485	1414	1500	1667	1580	1811	1705	2152	1800
VELF	25274	0	2404	1905	2570	1965	2747	2060	3057	2240	3286	2365
VELF	25274	0	3616	2560	3815	2650	4273	2910	4626	3170	5057	3240
VELF	25274	0	5899	3405	6919	3530	8152	3695	9939	4050	11929	4435
SPNT	25354		8239	1901		7795000			10			
VELF	25354	0	1219	1490	1374	1495	1465	1530	1657	1580	1835	1695
VELF	25354	0	2141	1785	2411	1890	2778	2110	3061	2240	3303	2375
VELF	25354	0	3596	2550	3879	2695	4242	2985	4596	3220	5138	3292
VELF	25354	0	5859	3340	6404	3425	7212	3490	8212	3630	10485	4015
VELF	25354	0	11949	4285								
SPNT	25434		8265	11832		7794636			10			
VELF	25434	0	1229	1490	1424	1495	1616	1560	1778	1660	1991	1768
VELF	25434	0	2219	1814	2434	1885	2586	1970	2808	2060	3121	2245
VELF	25434	0	3293	2355	3535	2515	3909	2740	4253	2930	4451	3034
VELF	25434	0	4610	3097	4841	3191	5152	3240	5838	3365	6485	3510
VELF	25434	0	7747	3630	8626	3740	11949	4300				
SPNT	25514		8292	12766		7794279			10			
VELF	25514	0	1234	1494	1397	1508	1630	1575	1768	1659	1926	1725
VELF	25514	0	2152	1780	2465	1900	2636	1990	2848	2075	3071	2240
VELF	25514	0	3303	2400	3556	2510	3828	2640	4081	2840	4640	3090
VELF	25514	0	4896	3180	5118	3230	5778	3455	6646	3605	8333	3770
VELF	25514	0	11929	4350								
SPNT	25594		8319	13699		7793919			10			
VELF	25594	0	1253	1495	1424	1510	1646	1570	1852	1700	2094	1785
VELF	25594	0	2316	1835	2438	1895	2586	2000	2774	2085	2929	2145
VELF	25594	0	3273	2395	3586	2555	3909	2715	4293	2985	4646	3090
VELF	25594	0	5303	3250	5919	3380	6939	3580	8313	3765	11869	4350
SPNT	25674		8345	14624		7793538			10			
VELF	25674	0	1239	1492	1398	1502	1646	1570	1848	1705	2212	1815
VELF	25674	0	2401	1880	2596	1975	2818	2060	2960	2150	3162	2230
VELF	25674	0	3404	2375	3636	2455	3919	2645	4253	2855	4636	3050
VELF	25674	0	5172	3140	5828	3250	6788	3410	8101	3660	10414	3995
VELF	25674	0	11889	4205								
SPNT	25754		8372	15561		7793187			10			
VELF	25754	0	1266	1485	1455	1510	1616	1550	1879	1715	2187	1807
VELF	25754	0	2424	1915	2657	1980	2899	2080	3121	2210	3283	2285
VELF	25754	0	3556	2445	4061	2830	4283	2935	4697	3115	5404	3220
VELF	25754	0	6071	3450	7374	3620	8970	3745	11919	4215		
SPNT	25834		8399	16492		7792822			10			
VELF	25834	0	1253	1485	1424	1505	1616	1550	1869	1695	2030	1745
VELF	25834	0	2202	1810	2485	1920	2838	2070	3152	2265	3374	2375
VELF	25834	0	3616	2565	4121	2855	4687	3050	4734	3075	5455	3235
VELF	25834	0	5899	3410	6818	3530	9545	3825	11929	4245		
SPNT	25914		8425	17419		7792444			10			
VELF	25914	0	1245	1490	1434	1500	1626	1545	1838	1675	1980	1725
VELF	25914	0	2147	1772	2364	1835	2631	1945	2919	2060	3152	2255
VELF	25914	0	3394	2445	4111	2765	4394	2905	4636	3105	5424	3240
VELF	25914	0	6172	3420	7212	3525	8333	3640	11879	4215		
SPNT	25994		8452	18351		7792081			10			
VELF	25994	0	1283	1485	1455	1495	1677	1560	1879	1675	2192	1775
VELF	25994	0	2387	1805	2626	1940	2929	2080	3141	2275	3667	2615
VELF	25994	0	4162	2905	4717	3110	5071	3165	5545	3265	6071	3385
VELF	25994	0	7939	3565	9949	3880	11949	4225				
SPNT	26074		8479	19287		7791728			10			
VELF	26074	0	1266	1485	1444	1505	1677	1560	1822	1630	1980	1705
VELF	26074	0	2232	1805	2505	1904	2667	1975	2889	2030	3182	2215
VELF	26074	0	3434	2380	3717	2500	4020	2650	4384	2915	4687	3075
VELF	26074	0	5111	3200	5707	3300	6192	3400	6879	3460	8202	3605
VELF	26074	0	9566	3810	11939	4215						
SPNT	26154		8505	110216		7791358			10			
VELF	26154	0	1268	1487	1468	1510	1660	1545	1848	1625	2010	1700
VELF	26154	0	2303	1821	2535	1940	2838	2060	3202	2210	3485	2360
VELF	26154	0	3737	2560	3960	2680	4424	2875	5091	3155	5444	3250
VELF	26154	0	6293	3435	7606	3510	9111	3705	11899	4180		
SPNT	26234		8532	111149		7790997			10			
VELF	26234	0	1259	1485	1471	1505	1664	1558	1835	1625	2003	1715
VELF	26234	0	2210	1780	2362	1829	2566	1970	2909	2050	3111	2185
VELF	26234	0	3444	2365	3788	2620	4192	2830	4424	2920	5152	3145
VELF	26234	0	5707	3380	6000	3500	6283	3555	7657	3610	8222	3625
VELF	26234	0	9727	3765	11899	4195						
SPNT	26314		8559	112080		7790631			10			
VELF	26314	0	1283	1490	1424	1495	1569	1535	1707	1575	1879	1640
VELF	26314	0	2071	1720	2222	1780	2535	1945	2727	2045	2869	2085
VELF	26314	0	3212	2275	3475	2395	3818	2605	4441	2900	5152	3065
VELF	26314	0	5737	3215	7424	3425	9707	3755	11899	4200		
SPNT	26394		8585	113018		7790284			10			
VELF	26394	0	1257	1493	1422	1500	1589	1535	1727	1590	1909	1675
VELF	26394	0	2037	1735	2293	1830	2485	1900	2848	2040	3020	2110
VELF	26394	0	3182	2245	3485	2355	3758	2495	4101	2685	4434	2885
VELF	26394	0	4761	3060	5222	3130	5657	3170	6202	3305	7303	3495
VELF	26394	0	9808	3795	11919	4205						
SPNT	26474		8612	113946		7789913			10			
VELF	26474	0	1275	1493	1444	1505	1636	1545	1751	1600	1909	1675
VELF	26474	0	2040	1755	2293	1810	2505	1940	2758	2050	2990	2120
VELF	26474	0	3253	2230	3495	2475	3788	2620	4051	2775	4434	3000
VELF	26474	0	4808	3135	5323	3360	5677	3405	6081	3465	6919	3515
VELF	26474	0	7657	3575	9465	3790	11939	4295				
SPNT	26554		8639	114878		7789551			10			
VELF	26554	0	1286	1485	1471	1505	1653	1560	1909	1660	2065	1759
VELF	26554	0	2303	1860	2535	1955	2747	2030	2993	2115	3273	2320
VELF	26554	0	3495	2425	3741	2550	4056	2765	4404	3000	4616	3075
VELF	26554	0	5222	3270	5576	3330	6030	3410	6646	3465	8040	3590
VELF	26554	0	9667	3855	11909	4305						
SPNT	26634		8665	115813		7789195			10			
VELF	26634	0	1263	1485	1438	1500	1579	1535	1737	1590	1929	1670
VELF	26634	0	2097	1762	2296	1825	2425	1889	2572	1945	2842	2065
VELF	26634	0	2997	2130	3158	2210	3290	2285	3465	2395	3747	2600
VELF	26634	0	4020	2705	4404	2885	4636	3000	5364	3330	6222	3380
VELF	26634	0	6808	3420	7535	3505	8859	3685	11949	4315		
SPNT	26714		8692	116743		7788828			10			
VELF	26714	0	1261	1488	1423	1495	1556	1525	1727	1590	2020	1720
VELF	26714	0	2242	1770	2535	1950	2808	2045	3222	2265	3525	2400
VELF	26714	0	3727	2600	4051	2805	4394	3010	4727	3125	5040	3250
VELF	26714	0	5781	3305	6199	3355	7051	3460	8949	3715	11939	4320
SPNT	26794		8719	117674		7788462			10			
VELF	26794	0	1273	1489	1485	1500	1667	1525	1818	1605	2040	1715
VELF	26794	0	2337	1835	2579	1960	2838	2070	3030	2155	3236	2235
VELF	26794	0	3535	2480	3879	2655	4178	2785	4354	2940	5030	3165
VELF	26794	0	5909	3280	6657	3380	8263	3585	11919	4365		
SPNT	26874		8745	118609		7788108			10			
VELF	26874	0	1260	1488	1502	1508	1758	1590	2044	1720	2357	1835
VELF	26874	0	2572	1910	2845	2030	3027	2135	3192	2225	3471	2370
VELF	26874	0	3761	2545	4131	2830	4566	2985	5030	3090	5707	3215
VELF	26874	0	6277	3318	6939	3400	8313	3585	11879	4360		
SPNT	26954		8772	119541		7787744			10			
VELF	26954	0	1271	1490	1495	1510	1663	1545	1778	1595	1980	1690
VELF	26954	0	2121	1785	2350	1855	2505	1910	2852	2060	2970	2135
VELF	26954	0	3212	2255	3505	2405	3761	2560	4232	2800	4747	2930
VELF	26954	0	5131	3060	5929	3250	6313	3315	7626	3485	11929	4370
SPNT	27034		8799	120477		7787394			10			
VELF	27034	0	1262	1490	1505	1510	1764	1590	1983	1690	2131	1760
VELF	27034	0	2335	1851	2586	1935	2828	2015	3000	2105	3192	2235
VELF	27034	0	3323	2345	3505	2440	4182	2835	4364	2995	4741	3062
VELF	27034	0	5242	3175	5848	3230	6616	3345	7838	3505	9293	3830
VELF	27034	0	11889	4345								
SPNT	27114		8825	121405		7787022			10			
VELF	27114	0	1271	1490	1532	1520	1690	1565	1875	1640	2003	1695
VELF	27114	0	2364	1840	2596	1940	2859	2045	3000	2120	3242	2310
VELF	27114	0	3495	2395	3960	2650	4374	2850	4717	3035	5051	3150
VELF	27114	0	5899	3305	6970	3390	9081	3770	11949	4355		
SPNT	27194		8852	122337		7786657			10			
VELF	27194	0	1263	1485	1508	1505	1680	1560	1916	1655	2101	1740
VELF	27194	0	2498	1900	2617	1934	2859	2070	3040	2185	3589	2425
VELF	27194	0	3980	2685	4273	2875	4677	3095	5455	3220	6323	3290
VELF	27194	0	7131	3405	9051	3705	11949	4335				
SPNT	27274		8879	123271		7786300			10			
VELF	27274	0	1279	1490	1519	1515	1694	1565	1869	1630	2061	1720
VELF	27274	0	2211	1805	2414	1850	2754	2010	3064	2170	3354	2355
VELF	27274	0	3616	2545	3929	2740	4374	2960	4737	3050	5182	3155
VELF	27274	0	6343	3445	7596	3540	9071	3710	11949	4330		
SPNT	27354		8905	124200		7785930			10			
VELF	27354	0	1266	1485	1504	1512	1798	1580	1970	1675	2121	1745
VELF	27354	0	2273	1809	2433	1873	2616	1930	2771	2019	2929	2105
VELF	27354	0	3283	2360	3626	2545	3889	2685	4545	3075	4848	3150
VELF	27354	0	5939	3425	7232	3590	8869	3725	11929	4330		
SPNT	27434		8932	125135		7785570			10			
VELF	27434	0	1273	1485	1542	1515	1737	1580	1909	1645	2131	1775
VELF	27434	0	2434	1865	2667	1935	2879	2060	3192	2340	3596	2600
VELF	27434	0	3997	2820	4384	2980	4919	3200	5889	3405	7175	3600
VELF	27434	0	8242	3665	9939	3890	11939	4325				
SPNT	27514		8959	126066		7785206			10			
VELF	27514	0	1273	1488	1455	1500	1778	1595	1942	1659	2093	1736
VELF	27514	0	2266	1823	2657	1920	2899	2080	3158	2200	3418	2465
VELF	27514	0	3623	2610	3909	2735	4727	2960	5172	3060	5949	3230
VELF	27514	0	6444	3445	7333	3645	8364	3710	9919	3885	11939	4325
SPNT	27594		8985	126998		7784844			10			
VELF	27594	0	1283	1485	1505	1505	1710	1565	1956	1655	2162	1780
VELF	27594	0	2485	1890	2667	1980	2929	2085	3192	2225	3657	2490
VELF	27594	0	3909	2605	4444	2855	5091	3060	5374	3155	5929	3305
VELF	27594	0	6606	3495	7283	3595	9232	3795	11960	4335		
SPNT	27674		9012	127930		7784481			10			
VELF	27674	0	1279	1485	1542	1515	1808	1605	1963	1670	2162	1770
VELF	27674	0	2273	1815	2778	1970	2949	2065	3182	2260	3539	2445
VELF	27674	0	3747	2660	4424	3000	5000	3135	5960	3210	6626	3340
VELF	27674	0	8030	3630	9384	3830	11919	4325				
SPNT	27754		9039	128861		7784116			10			
VELF	27754	0	1283	1485	1515	1510	1727	1580	2064	1715	2152	1775
VELF	27754	0	2263	1805	2535	1865	2778	2025	3051	2120	3364	2290
VELF	27754	0	3818	2550	4131	2775	4788	2950	5040	3050	5970	3305
VELF	27754	0	6616	3500	7848	3695	9596	3940	11919	4380		
SPNT	27834		9065	129794		7783754			10			
VELF	27834	0	1293	1485	1535	1505	1727	1575	1889	1625	2162	1760
VELF	27834	0	2485	1880	2838	2005	3141	2195	3414	2345	3879	2560
VELF	27834	0	4162	2755	4485	3010	5111	3175	5424	3245	6303	3365
VELF	27834	0	7030	3500	8101	3615	9616	3940	11949	4395		
SPNT	27914		9092	130729		7783398			10			
VELF	27914	0	1293	1491	1589	1520	1811	1625	2000	1670	2162	1750
VELF	27914	0	2340	1820	2535	1885	2737	2000	2879	2080	3152	2200
VELF	27914	0	3465	2330	3798	2455	4202	2700	4545	3005	5212	3255
VELF	27914	0	6343	3370	8152	3640	11949	4450				
SPNT	27994		9119	131663		7783041			10			
VELF	27994	0	1303	1485	1556	1515	1747	1585	1990	1665	2212	1790
VELF	27994	0	2579	1885	2788	1995	3111	2115	3303	2270	3535	2385
VELF	27994	0	4071	2600	4253	2750	4515	2965	5061	3100	5313	3180
VELF	27994	0	5990	3350	6596	3455	7667	3645	9606	4055	11939	4480
SPNT	28074		9145	132593		7782677			10			
VELF	28074	0	1283	1485	1549	1505	1737	1565	1845	1615	1997	1670
VELF	28074	0	2165	1745	2350	1810	2596	1885	2939	2045	3182	2205
VELF	28074	0	3475	2325	3899	2555	4444	2895	5162	3155	5374	3245
VELF	28074	0	6485	3520	7919	3750	9808	4095	11949	4495		
SPNT	28154		9172	133523		7782307			10			
VELF	28154	0	1310	1485	1535	1500	1808	1590	1960	1660	2118	1730
VELF	28154	0	2242	1805	2616	1880	2879	2055	3283	2270	3535	2405
VELF	28154	0	4061	2740	4687	3040	4960	3125	5374	3255	6253	3480
VELF	28154	0	7343	3660	8889	3945	11960	4520				
SPNT	28234		9199	134460		7781958			10			
VELF	28234	0	1317	1491	1566	1510	1747	1570	1990	1675	2219	1755
VELF	28234	0	2394	1805	2623	1870	2808	1990	2943	2060	3182	2190
VELF	28234	0	3525	2400	3727	2550	4172	2800	4697	3075	5414	3255
VELF	28234	0	5980	3360	6707	3530	7970	3790	9212	3955	11970	4495
SPNT	28314		9225	135388		7781586			10			
VELF	28314	0	1333	1485	1545	1510	1717	1560	1855	1610	2071	1685
VELF	28314	0	2404	1810	2717	1895	2953	2035	3162	2145	3308	2245
VELF	28314	0	3532	2400	3788	2545	4101	2735	4747	3000	4939	3100
VELF	28314	0	5182	3145	5465	3210	6566	3355	7323	3515	8788	3755
VELF	28314	0	10242	4005	11960	4335						
SPNT	28394		9252	136321		7781225			10			
VELF	28394	0	1333	1485	1556	1505	1717	1560	1879	1605	2020	1675
VELF	28394	0	2229	1750	2657	1890	2835	1950	3010	2050	3232	2160
VELF	28394	0	3391	2265	3687	2450	4242	2800	4717	3055	5424	3255
VELF	28394	0	6838	3390	8788	3650	9707	3760	11970	4255		
SPNT	28474		9279	137257		7780873			10			
VELF	28474	0	1333	1485	1549	1510	1717	1555	1856	1596	2037	1674
VELF	28474	0	2199	1746	2380	1790	2688	1903	2879	1980	3040	2050
VELF	28474	0	3394	2280	3626	2370	3869	2505	4222	2720	4697	3000
VELF	28474	0	4846	3114	5030	3200	5283	3300	5815	3305	6724	3445
VELF	28474	0	8465	3600	9879	3850	11929	4265				
SPNT	28554		9305	138192		7780520			10			
VELF	28554	0	1343	1485	1556	1500	1744	1560	1869	1610	2071	1680
VELF	28554	0	2229	1735	2424	1805	2576	1890	3061	2100	3303	2250
VELF	28554	0	3667	2435	4040	2655	4343	2860	4929	3175	5232	3330
VELF	28554	0	5758	3405	6475	3500	7374	3565	8768	3745	10556	3995
VELF	28554	0	11949	4265								
SPNT	28634		9332	139121		7780151			10			
VELF	28634	0	1343	1485	1584	1514	1838	1590	2111	1695	2475	1815
VELF	28634	0	2737	1905	2939	2020	3112	2109	3424	2255	3605	2344
VELF	28634	0	3949	2590	4300	2805	4687	3090	5303	3250	5909	3405
VELF	28634	0	6677	3545	8364	3675	9859	3945	11939	4335		
SPNT	28714		9359	140054		7779792			10			
VELF	28714	0	1364	1485	1576	1500	1721	1530	1838	1595	2074	1655
VELF	28714	0	2219	1750	2505	1820	2734	1905	2960	2010	3212	2095
VELF	28714	0	3495	2290	3798	2605	4162	2795	4576	3070	5131	3355
VELF	28714	0	5626	3460	6596	3555	7919	3700	9394	3900	11960	4370
SPNT	28794		9385	140991		7779441			10			
VELF	28794	0	1364	1485	1589	1505	1825	1575	2051	1670	2229	1765
VELF	28794	0	2525	1850	2744	1935	2960	2010	3202	2160	3613	2399
VELF	28794	0	3939	2665	4141	2825	4646	3105	5010	3255	5616	3450
VELF	28794	0	5859	3510	7323	3635	7919	3675	8737	3840	10303	4070
VELF	28794	0	11939	4380								
SPNT	28874		9412	141919		7779073			10			
VELF	28874	0	1384	1485	1586	1505	1724	1545	1899	1610	2081	1665
VELF	28874	0	2283	1760	2657	1905	3020	2045	3384	2350	4162	2745
VELF	28874	0	4707	3085	5808	3535	7030	3800	7697	3855	9535	4040
VELF	28874	0	11949	4470								
SPNT	28954		9439	142852		7778712			10			
VELF	28954	0	1394	1485	1606	1510	1778	1550	2010	1630	2242	1755
VELF	28954	0	2451	1805	2620	1890	2772	1920	3010	1990	3263	2250
VELF	28954	0	3455	2460	3768	2605	4010	2705	4515	2920	5111	3125
VELF	28954	0	5495	3260	6404	3505	8081	3790	9293	3960	11949	4470
SPNT	29034		9465	143786		7778356			10			
VELF	29034	0	1404	1485	1636	1505	1771	1535	1902	1585	2101	1645
VELF	29034	0	2283	1745	2458	1790	2778	1900	2949	1975	3374	2195
VELF	29034	0	3626	2345	3899	2450	4172	2545	4798	2905	5131	3000
VELF	29034	0	5939	3205	6818	3525	8424	3845	10323	4110	11960	4400
SPNT	29114		9492	144717		7777991			10			
VELF	29114	0	1414	1485	1557	1490	1707	1525	1869	1575	2101	1650
VELF	29114	0	2283	1750	2438	1788	2556	1855	2758	1895	3141	2060
VELF	29114	0	3465	2200	3717	2350	4051	2545	4293	2785	4828	3035
VELF	29114	0	5364	3155	5667	3224	6586	3405	7545	3605	9030	3855
VELF	29114	0	11970	4445								
SPNT	29194		9519	145650		7777630			10			
VELF	29194	0	1417	1488	1609	1495	1717	1525	1892	1570	2135	1670
VELF	29194	0	2263	1750	2545	1855	2798	1905	2970	1980	3202	2145
VELF	29194	0	3508	2305	3758	2500	4061	2665	4444	2900	4636	3005
VELF	29194	0	4960	3065	5606	3150	6293	3240	7131	3355	8101	3550
VELF	29194	0	10192	3990	11939	4345						
SPNT	29274		9545	146579		7777262			10			
VELF	29274	0	1424	1485	1616	1500	1758	1530	1879	1572	2051	1619
VELF	29274	0	2242	1705	2414	1800	2697	1865	2909	1970	3121	2065
VELF	29274	0	3367	2215	3535	2360	3899	2545	4333	2800	4869	2900
VELF	29274	0	5293	3010	5919	3235	7111	3420	8879	3660	10596	3970
VELF	29274	0	11939	4245								
SPNT	29354		9572	147513		7776904			10			
VELF	29354	0	1455	1485	1633	1500	1764	1545	1933	1590	2101	1630
VELF	29354	0	2273	1725	2576	1850	2808	1925	3010	1990	3192	2095
VELF	29354	0	3313	2155	3586	2375	3828	2490	4182	2650	4380	2755
VELF	29354	0	4727	2855	5081	3045	5414	3200	5788	3275	6515	3380
VELF	29354	0	7697	3560	9172	3805	10354	4005	11929	4325		
SPNT	29434		9599	148445		7776541			10			
VELF	29434	0	1475	1485	1643	1502	1838	1545	2081	1640	2293	1725
VELF	29434	0	2586	1845	2859	1940	3051	2005	3283	2195	3616	2455
VELF	29434	0	4222	2755	4737	3035	5394	3300	6889	3445	7667	3605
VELF	29434	0	8778	3755	10091	3990	11949	4335				
SPNT	29514		9625	149383		7776193			10			
VELF	29514	0	1455	1485	1649	1502	1818	1545	1946	1590	2121	1655
VELF	29514	0	2276	1725	2559	1810	2774	1895	2970	2000	3303	2205
VELF	29514	0	3596	2365	4000	2550	4253	2715	4727	2980	5131	3205
VELF	29514	0	5774	3350	6202	3410	7101	3535	8313	3765	9667	3985
VELF	29514	0	11960	4435								
SPNT	29594		9652	150314		7775829			10			
VELF	29594	0	1465	1485	1667	1505	1880	1570	2097	1630	2242	1710
VELF	29594	0	2586	1795	2879	1920	3111	2005	3374	2150	3677	2355
VELF	29594	0	3909	2500	4232	2705	4768	2995	5061	3160	5798	3420
VELF	29594	0	7717	3720	9737	4050	11929	4470				
SPNT	29674		9679	151248		7775473			10			
VELF	29674	0	1455	1485	1646	1500	1783	1533	1919	1565	2112	1643
VELF	29674	0	2283	1730	2687	1860	2896	1930	3101	2010	3515	2215
VELF	29674	0	3677	2260	4010	2505	4465	2780	4778	2990	5202	3280
VELF	29674	0	5798	3395	6909	3585	7808	3760	9323	4000	11909	4470
SPNT	29754		9705	152181		7775113			10			
VELF	29754	0	1465	1485	1667	1500	1875	1547	2092	1620	2303	1735
VELF	29754	0	2667	1850	2899	1935	3061	1995	3189	2075	3424	2225
VELF	29754	0	3697	2460	4010	2685	4303	2975	5162	3295	5707	3420
VELF	29754	0	6788	3665	7949	3795	10222	4090	11960	4410		
SPNT	29834		9732	153110		7774744			10			
VELF	29834	0	1465	1493	1687	1505	1808	1530	1951	1579	2108	1625
VELF	29834	0	2300	1725	2532	1815	2717	1860	2916	1935	3162	2055
VELF	29834	0	3451	2245	3717	2510	3899	2620	4253	2750	4768	3050
VELF	29834	0	5192	3305	6253	3505	7293	3635	9081	3905	10616	4115
VELF	29834	0	11980	4380								
SPNT	29914		9759	154048		7774396			10			
VELF	29914	0	1465	1485	1697	1505	1869	1555	2107	1629	2293	1705
VELF	29914	0	2589	1805	2899	1935	3141	2105	3616	2295	4121	2500
VELF	29914	0	4394	2700	4626	2900	4889	3080	5414	3260	6303	3460
VELF	29914	0	8071	3745	10111	4025	11990	4360				
SPNT	29994		9785	154977		7774029			10			
VELF	29994	0	1475	1485	1727	1515	1869	1550	2040	1610	2141	1655
VELF	29994	0	2192	1675	2525	1795	2791	1865	3030	1980	3172	2065
VELF	29994	0	3424	2215	3717	2410	4020	2600	4737	3010	5152	3135
VELF	29994	0	5475	3315	6313	3460	7505	3660	9859	3990	11939	4395
SPNT	30074		9812	155928		7773710			10			
VELF	30074	0	1485	1495	1704	1510	1838	1550	2128	1630	2242	1685
VELF	30074	0	2386	1741	2556	1800	2824	1887	3081	1980	3242	2125
VELF	30074	0	3374	2240	3576	2435	3848	2695	4071	2810	4455	2915
VELF	30074	0	4970	3040	5384	3130	5879	3400	6239	3440	7384	3550
VELF	30074	0	8414	3750	10010	4000	11970	4375				
SPNT	30154		9839	156849		7773322			10			
VELF	30154	0	1485	1490	1737	1515	1929	1570	2141	1630	2340	1730
VELF	30154	0	2525	1770	2919	1905	3081	1980	3508	2250	3788	2410
VELF	30154	0	4061	2600	4333	2755	4811	3000	5051	3205	5485	3340
VELF	30154	0	5960	3415	6535	3480	7758	3580	8677	3695	9879	3885
VELF	30154	0	11929	4295								
SPNT	30234		9865	157773		7772940			10			
VELF	30234	0	1465	1485	1636	1511	1797	1539	2108	1620	2364	1735
VELF	30234	0	2646	1830	3000	1945	3303	2115	3519	2220	3727	2400
VELF	30234	0	4030	2600	4374	2795	4646	2935	4808	3000	5067	3065
VELF	30234	0	5556	3225	6657	3410	7707	3555	9899	3820	11939	4250
SPNT	30314		9892	158704		7772577			10			
VELF	30314	0	1485	1485	1716	1508	1869	1545	1990	1591	2246	1685
VELF	30314	0	2380	1740	2535	1810	2737	1850	2899	1945	3010	2000
VELF	30314	0	3192	2100	3515	2290	3677	2400	4131	2555	4414	2705
VELF	30314	0	4616	2800	4818	2865	5374	3035	5677	3145	6242	3305
VELF	30314	0	6566	3370	7636	3540	9758	3805	11929	4290		
SPNT	30394		9919	159637		7772216			10			
VELF	30394	0	1465	1485	1640	1505	1909	1550	2141	1625	2347	1707
VELF	30394	0	2522	1797	2686	1834	2889	1915	3052	1994	3263	2105
VELF	30394	0	3737	2400	4162	2670	4389	2766	4862	3005	5343	3120
VELF	30394	0	6121	3250	7212	3495	8293	3625	9717	3775	11929	4240
SPNT	30474		9945	160573		7771863			10			
VELF	30474	0	1465	1485	1710	1507	1909	1560	2141	1630	2354	1710
VELF	30474	0	2505	1770	2808	1850	3020	1955	3222	2035	3475	2220
VELF	30474	0	3838	2445	4040	2550	4343	2690	4818	2850	5212	3045
VELF	30474	0	5455	3140	6293	3285	8152	3550	9343	3735	11889	4275
SPNT	30554		9972	161507		7771507			10			
VELF	30554	0	1475	1485	1654	1504	1788	1525	1924	1570	2093	1631
VELF	30554	0	2283	1690	2596	1820	2798	1860	2990	1910	3182	2025
VELF	30554	0	3384	2176	3636	2300	3859	2405	4071	2530	4364	2700
VELF	30554	0	4859	2950	5465	3150	6111	3320	6515	3455	6838	3495
VELF	30554	0	8374	3730	9899	3970	11949	4360				
SPNT	30634		9999	162436		7771137			10			
VELF	30634	0	1465	1485	1636	1490	1768	1515	2032	1599	2175	1658
VELF	30634	0	2300	1708	2525	1780	2694	1835	2828	1855	3061	1955
VELF	30634	0	3313	2125	3606	2280	3889	2450	4084	2545	4354	2745
VELF	30634	0	4667	2930	4902	3000	5229	3100	5485	3150	5970	3260
VELF	30634	0	6707	3495	8889	3780	9869	3950	11929	4355		
SPNT	30714		10025	163363		7770761			10			
VELF	30714	0	1475	1485	1648	1510	1801	1525	2051	1600	2280	1713
VELF	30714	0	2596	1760	2818	1845	3071	1955	3323	2100	3657	2310
VELF	30714	0	3909	2470	4253	2650	4667	2905	5091	2980	5556	3070
VELF	30714	0	6121	3210	7434	3555	8192	3700	10192	3960	11949	4300
SPNT	30794		10052	164296		7770399			10			
VELF	30794	0	1465	1485	1657	1507	1821	1533	1949	1560	2114	1625
VELF	30794	0	2253	1685	2404	1720	2593	1775	2798	1840	3172	1940
VELF	30794	0	3384	2110	3721	2260	3933	2400	4253	2555	4354	2585
VELF	30794	0	4697	2750	4889	2825	5455	3050	6061	3255	6889	3380
VELF	30794	0	8242	3635	10010	3905	11960	4290				
SPNT	30874		10079	165238		7770060			10			
VELF	30874	0	1475	1485	1804	1519	1956	1565	2141	1620	2343	1690
VELF	30874	0	2545	1755	2744	1826	2889	1850	3071	1895	3263	1970
VELF	30874	0	3444	2150	3747	2320	4081	2465	4242	2605	4727	2795
VELF	30874	0	4949	2975	5192	3050	5545	3085	5980	3135	7162	3345
VELF	30874	0	7737	3440	9253	3695	11980	4285				
SPNT	30954		10105	166165		7769686			10			
VELF	30954	0	1485	1485	1646	1490	1808	1525	2044	1605	2182	1650
VELF	30954	0	2434	1705	2555	1749	2774	1810	2929	1855	3162	1945
VELF	30954	0	3364	2100	3620	2255	3818	2440	4333	2745	4949	2980
VELF	30954	0	5434	3090	6798	3270	8909	3620	11970	4305		
SPNT	31034		10132	167097		7769325			10			
VELF	31034	0	1485	1485	1667	1500	1912	1545	2131	1620	2377	1688
VELF	31034	0	2623	1720	2758	1765	2949	1820	3121	1885	3279	1985
VELF	31034	0	3404	2095	3672	2275	3828	2355	4232	2555	4424	2695
VELF	31034	0	4609	2840	4838	2960	5212	3090	5566	3220	6293	3385
VELF	31034	0	8232	3600	9677	3830	11939	4300				
SPNT	31114		10159	168026		7768953			10			
VELF	31114	0	1485	1485	1593	1515	1788	1520	1909	1545	2091	1605
VELF	31114	0	2249	1650	2475	1690	2667	1750	2929	1800	3172	1930
VELF	31114	0	3414	2110	3667	2265	3859	2380	4061	2510	4182	2590
VELF	31114	0	4626	2900	5303	3095	6505	3340	6929	3400	8293	3665
VELF	31114	0	9869	3870	11939	4300						
SPNT	31194		10185	168959		7768591			10			
VELF	31194	0	1481	1485	1815	1525	2061	1590	2234	1640	2394	1673
VELF	31194	0	2570	1717	2848	1780	2970	1853	3212	1915	3492	2098
VELF	31194	0	3711	2255	4061	2480	4303	2590	4495	2725	4737	2905
VELF	31194	0	5141	3140	6263	3305	7455	3500	8919	3755	10222	3925
VELF	31194	0	11919	4280								
SPNT	31274		10212	169892		7768232			10			
VELF	31274	0	1478	1490	1633	1505	1811	1520	2030	1575	2279	1650
VELF	31274	0	2569	1705	2879	1800	3178	1920	3306	1980	3505	2100
VELF	31274	0	3707	2225	4081	2465	4475	2690	4707	2910	5212	3165
VELF	31274	0	6424	3340	7818	3550	10202	3925	11939	4275		
