CONT	PGS A	SIA	P										
LINE	NWS07	-22_	P										
AREA	North	Wes	t										
INFO	DATUM	WGS	8										
COM1	2040p	gsnw	s										
SPNT	3675			1012	635601		8215617			22			
VELF	3675		0	6657	1490	7030	1545	7313	1662	7626	1775	7929	1930
VELF	3675		0	8331	2395	8924	2965	9669	3445	11967	4285		
SPNT	3755			1039	636178		8214801			22			
VELF	3755		0	6657	1490	7051	1540	7404	1685	7826	1885	8268	2315
VELF	3755		0	8646	2755	9518	3355	10705	3935	11942	4305		
SPNT	3835			1066	636777		8214000			22			
VELF	3835		0	6646	1490	7040	1520	7409	1705	7801	1985	8242	2525
VELF	3835		0	8785	3005	10755	3955	11955	4325				
SPNT	3915			1092	637348		8213179			22			
VELF	3915		0	6657	1490	7000	1525	7354	1700	7864	2045	8545	2745
VELF	3915		0	9341	3315	10098	3695	11929	4345				
SPNT	3995			1119	637929		8212365			22			
VELF	3995		0	6646	1490	7000	1525	7465	1660	7826	1885	8179	2295
VELF	3995		0	8962	3085	9997	3655	11879	4365				
SPNT	4075			1146	638511		8211552			22			
VELF	4075		0	6697	1500	7061	1525	7606	1705	8202	2175	8545	2655
VELF	4075		0	9240	3245	10136	3775	11980	4435				
SPNT	4155			1172	639085		8210733			22			
VELF	4155		0	6626	1495	6919	1525	7212	1550	7495	1640	7939	2015
VELF	4155		0	8242	2295	8684	2805	9581	3495	10515	3945	11955	4475
SPNT	4235			1199	639668		829920			22			
VELF	4235		0	6616	1485	6838	1520	7364	1610	7611	1755	7851	1955
VELF	4235		0	8482	2645	9139	3175	10288	3835	11904	4445		
SPNT	4315			1226	640249		829107			22			
VELF	4315		0	6626	1485	7025	1555	7283	1625	7497	1745	7813	1955
VELF	4315		0	8394	2635	9404	3395	10717	4025	11942	4465		
SPNT	4395			1252	640829		828292			22			
VELF	4395		0	6677	1490	7081	1575	7374	1665	7596	1785	7965	2215
VELF	4395		0	8571	2815	9682	3585	11942	4545				
SPNT	4475			1279	641412		827480			22			
VELF	4475		0	6677	1495	6949	1530	7167	1592	7313	1635	7624	1795
VELF	4475		0	7960	2080	8457	2665	9227	3385	10578	4065	11866	4655
SPNT	4555			1306	641994		826666			22			
VELF	4555		0	6636	1485	6960	1520	7364	1635	7687	1820	8217	2405
VELF	4555		0	8937	3205	10073	3815	11891	4615				
SPNT	4635			1332	642569		825848			22			
VELF	4635		0	6687	1500	6919	1515	7222	1620	7545	1755	7813	1985
VELF	4635		0	8558	2675	9278	3385	11929	4615				
SPNT	4715			1359	643151		825034			22			
VELF	4715		0	6556	1500	6859	1515	7242	1575	7801	1895	8381	2495
VELF	4715		0	8874	2985	9467	3505	11917	4605				
SPNT	4795			1386	643735		824223			22			
VELF	4795		0	6576	1495	6949	1535	7141	1595	7750	1905	8015	2105
VELF	4795		0	8192	2405	8848	3075	9619	3655	11929	4615		
SPNT	4875			1412	644305		823402			22			
VELF	4875		0	6596	1490	6899	1540	7121	1605	7712	2055	8167	2465
VELF	4875		0	9051	3325	10023	3905	11955	4635				
SPNT	4955			1439	644896		822595			22			
VELF	4955		0	6606	1485	6929	1555	7346	1915	7902	2485	9063	3335
VELF	4955		0	9997	3925	11904	4605						
SPNT	5035			1466	645475		821779			22			
VELF	5035		0	6747	1485	7144	1595	7283	1705	7598	2045	7914	2445
VELF	5035		0	8621	3045	9896	3725	11929	4535				
SPNT	5115			1492	646047		82959			22			
VELF	5115		0	6626	1485	6939	1550	7182	1635	7699	2275	8545	3065
VELF	5115		0	9922	3785	11967	4525						
SPNT	5195			1519	646633		82148			22			
VELF	5195		0	6364	1485	6758	1535	7384	1935	7699	2245	8154	2565
VELF	5195		0	8962	3275	10136	3805	11955	4545				
SPNT	5275			1546	647213		8199334			22			
VELF	5275		0	6212	1485	6485	1515	6765	1655	7220	2005	8508	3095
VELF	5275		0	9013	3445	11904	4475						
SPNT	5355			1572	647792		8198519			22			
VELF	5355		0	6131	1485	6535	1510	6866	1745	7535	2255	8179	2685
VELF	5355		0	8848	3205	9606	3515	11929	4365				
SPNT	5435			1599	648364		8197698			22			
VELF	5435		0	5869	1485	6475	1530	6854	1755	7169	1985	7939	2375
VELF	5435		0	8571	2925	9556	3475	11980	4345				
SPNT	5515			1626	648954		8196891			22			
VELF	5515		0	5747	1485	6121	1510	6449	1665	6866	1905	7472	2355
VELF	5515		0	8533	2975	10073	3705	11955	4315				
SPNT	5595			1652	649532		8196075			22			
VELF	5595		0	5303	1485	5788	1510	6434	1905	6765	2265	7220	2615
VELF	5595		0	8028	3085	9417	3785	11942	4515				
SPNT	5675			1679	650106		8195256			22			
VELF	5675		0	5030	1485	5098	1485	5323	1555	5591	1675	5780	1745
VELF	5675		0	6235	2205	6929	2825	8129	3615	9442	4145	11980	4785
SPNT	5755			1706	650691		8194445			22			
VELF	5755		0	4495	1485	4846	1515	5162	1805	5528	1955	6020	2195
VELF	5755		0	6500	2545	7396	3265	8659	3915	11917	4785		
SPNT	5835			1732	651265		8193626			22			
VELF	5835		0	4313	1485	4626	1530	4848	1600	5091	1735	5288	1885
VELF	5835		0	5591	1985	6336	2485	6967	3045	8280	3765	10111	4385
VELF	5835		0	11879	4755								
SPNT	5915			1759	651849		8192814			22			
VELF	5915		0	4111	1485	4343	1505	4566	1550	4929	1680	5121	1760
VELF	5915		0	5273	1820	5604	1945	5838	2080	6197	2295	6500	2505
VELF	5915		0	6980	2875	7396	3315	8533	3885	9732	4265	11917	4765
SPNT	5995			1786	652429		8191999			22			
VELF	5995		0	4172	1485	4424	1515	4616	1570	4838	1645	4990	1710
VELF	5995		0	5192	1785	5439	1915	5707	2050	5894	2265	6210	2505
VELF	5995		0	6727	2845	7460	3335	8306	3795	9328	4115	11904	4765
SPNT	6075			1812	653006		8191183			22			
VELF	6075		0	4152	1485	4394	1505	4626	1555	4909	1665	5091	1740
VELF	6075		0	5303	1860	5629	2015	5879	2195	6283	2455	6545	2550
VELF	6075		0	6891	2795	7157	3105	7876	3725	8798	4035	11942	4775
SPNT	6155			1839	653585		8190368			22			
VELF	6155		0	4192	1485	4465	1515	4657	1570	4892	1668	5111	1755
VELF	6155		0	5283	1835	5596	1925	5944	2125	6384	2405	6727	2815
VELF	6155		0	7232	3325	7939	3765	8609	4085	11929	4835		
SPNT	6235			1866	654163		8189551			22			
VELF	6235		0	4273	1485	4434	1500	4657	1565	4924	1665	5116	1765
VELF	6235		0	5303	1870	5455	1950	5604	2035	5957	2255	6253	2450
VELF	6235		0	6462	2785	6828	3215	7359	3595	8533	4005	9997	4395
VELF	6235		0	11955	4825								
SPNT	6315			1892	654736		8188732			22			
VELF	6315		0	4303	1485	4475	1505	4657	1560	4918	1664	5141	1800
VELF	6315		0	5343	2000	5591	2285	6336	2895	6980	3365	7977	3795
VELF	6315		0	9152	4205	11992	4815						
SPNT	6395			1919	655321		8187921			22			
VELF	6395		0	4101	1485	4323	1510	4525	1550	4778	1625	4970	1685
VELF	6395		0	5131	1745	5313	1825	5515	1925	5909	2185	6449	2695
VELF	6395		0	7144	3175	7409	3325	8078	3735	9455	4305	12005	4825
SPNT	6475			1946	655904		8187108			22			
VELF	6475		0	3980	1485	4164	1497	4343	1525	4535	1575	4758	1640
VELF	6475		0	5010	1745	5515	1985	5780	2095	6071	2225	6311	2345
VELF	6475		0	6841	2955	7535	3495	8104	3865	9189	4325	11955	4825
SPNT	6555			1972	656488		8186296			22			
VELF	6555		0	3859	1485	4111	1495	4414	1555	4682	1632	4939	1710
VELF	6555		0	5250	1865	5505	1955	5778	2100	6159	2315	6538	2675
VELF	6555		0	6715	2865	7056	3175	8091	3895	9328	4355	11929	4845
SPNT	6635			1999	657055		8185472			22			
VELF	6635		0	3990	1485	4242	1510	4531	1579	4737	1630	5101	1760
VELF	6635		0	5303	1865	5566	2045	5856	2285	6333	2830	6841	3205
VELF	6635		0	7497	3755	8331	4125	9177	4285	11917	4825		
SPNT	6715			2026	657642		8184663			22			
VELF	6715		0	3990	1485	4232	1495	4465	1555	4697	1625	4929	1710
VELF	6715		0	5131	1830	5313	1945	5545	2080	5717	2195	5889	2350
VELF	6715		0	6182	2605	6487	2845	6816	3215	7068	3445	7977	4005
VELF	6715		0	9859	4395	11904	4855						
SPNT	6795			2052	658225		8183850			22			
VELF	6795		0	3949	1480	4192	1500	4413	1550	4570	1592	4727	1650
VELF	6795		0	5064	1814	5308	1934	5515	2026	5719	2185	5960	2355
VELF	6795		0	6437	2905	6828	3195	7598	3645	8192	3945	9139	4225
VELF	6795		0	11909	4825								
SPNT	6875			2079	658803		8183034			22			
VELF	6875		0	3899	1485	4182	1515	4404	1575	4677	1690	4960	1820
VELF	6875		0	5121	1900	5475	2078	5828	2315	6159	2555	6475	2780
VELF	6875		0	6816	2985	7182	3235	7763	3685	8394	4005	10136	4495
VELF	6875		0	11939	4815								
SPNT	6955			2106	659385		8182221			22			
VELF	6955		0	3737	1485	4051	1525	4366	1605	4576	1660	4885	1782
VELF	6955		0	5182	1880	5515	2005	5667	2110	6096	2415	6316	2574
VELF	6955		0	6545	2730	6857	2931	7460	3315	8078	3655	9177	4155
VELF	6955		0	10818	4595	11980	4805						
SPNT	7035			2132	659967		8181408			22			
VELF	7035		0	3545	1485	3737	1505	4030	1550	4263	1580	4505	1665
VELF	7035		0	4808	1785	5040	1880	5376	2005	5606	2130	6159	2485
VELF	7035		0	6818	2860	7232	3115	7977	3395	8217	3605	8811	4015
VELF	7035		0	10301	4495	11980	4855						
SPNT	7115			2159	660536		8180586			22			
VELF	7115		0	3407	1485	3710	1515	4025	1565	4303	1645	4556	1720
VELF	7115		0	4747	1815	4939	1890	5313	2065	5515	2185	5881	2395
VELF	7115		0	6285	2615	6563	2795	6854	2995	7220	3255	7598	3485
VELF	7115		0	7914	3595	9088	4135	10263	4455	11980	4825		
SPNT	7195			2186	661114		8179769			22			
VELF	7195		0	3333	1490	3616	1515	3912	1575	4152	1615	4343	1655
VELF	7195		0	4525	1705	4846	1845	5098	1975	5414	2135	5730	2315
VELF	7195		0	6121	2585	6520	2872	6828	3085	7194	3375	8861	4045
VELF	7195		0	9896	4385	11942	4825						
SPNT	7275			2212	661695		8178955			22			
VELF	7275		0	3253	1490	3505	1500	3768	1550	4033	1610	4189	1656
VELF	7275		0	4455	1730	4687	1830	4980	1960	5126	2035	5303	2120
VELF	7275		0	5641	2295	5889	2475	6260	2665	6513	2845	6803	3085
VELF	7275		0	7144	3315	7914	3615	8333	3800	9593	4275	11967	4835
SPNT	7355			2239	662269		8178136			22			
VELF	7355		0	3182	1485	3495	1515	3828	1565	4131	1635	4444	1720
VELF	7355		0	4657	1790	4919	1915	5232	2070	5414	2195	5730	2395
VELF	7355		0	6083	2735	6386	3005	6992	3475	7523	3785	8684	4195
VELF	7355		0	10136	4545	11917	4895						
SPNT	7435			2266	662851		8177323			22			
VELF	7435		0	3141	1485	3374	1500	3558	1525	3828	1580	4051	1630
VELF	7435		0	4321	1727	4619	1825	4859	1945	5237	2145	5515	2315
VELF	7435		0	6033	2675	6500	3045	7270	3625	9341	4345	11942	4855
SPNT	7515			2292	663430		8176508			22			
VELF	7515		0	3061	1490	3263	1500	3444	1525	3742	1582	4000	1625
VELF	7515		0	4212	1690	4404	1755	4593	1835	4909	1995	5263	2165
VELF	7515		0	5566	2405	5755	2575	5932	2715	6677	3125	7157	3515
VELF	7515		0	7712	3785	8457	4075	9896	4535	11942	4875		
SPNT	7595			2319	664008		8175691			22			
VELF	7595		0	3030	1490	3222	1500	3434	1535	3616	1570	3838	1610
VELF	7595		0	4051	1655	4290	1735	4543	1835	4778	1945	4947	2035
VELF	7595		0	5187	2165	5528	2335	5919	2655	6614	3185	7081	3585
VELF	7595		0	7497	3825	8078	4035	9152	4335	10515	4655	11967	4885
SPNT	7675			2346	664590		8174879			22			
VELF	7675		0	2952	1485	3172	1500	3364	1535	3576	1575	3919	1645
VELF	7675		0	4141	1700	4374	1775	4636	1890	4788	1975	5040	2085
VELF	7675		0	5212	2180	5485	2350	5679	2505	6020	2745	6298	2905
VELF	7675		0	6778	3405	7384	3835	8356	4205	9694	4515	11917	4875
SPNT	7755			2372	665175		8174068			22			
VELF	7755		0	2899	1485	3101	1495	3232	1505	3515	1580	3782	1620
VELF	7755		0	4091	1705	4343	1790	4545	1875	4808	2015	5162	2175
VELF	7755		0	5414	2285	5768	2565	6172	2875	6588	3235	7396	3805
VELF	7755		0	8192	4145	10124	4595	11992	4905				
SPNT	7835			2399	665755		8173253			22			
VELF	7835		0	2864	1485	3129	1505	3419	1535	3566	1590	3778	1640
VELF	7835		0	3970	1690	4242	1778	4475	1870	4798	2045	5111	2165
VELF	7835		0	5452	2335	5730	2465	5944	2655	6336	2995	6803	3305
VELF	7835		0	7662	3835	8571	4185	10086	4525	11955	4875		
SPNT	7915			2426	666334		8172438			22			
VELF	7915		0	2808	1485	3101	1510	3280	1535	3520	1595	3798	1650
VELF	7915		0	3980	1705	4175	1772	4335	1818	4535	1925	4697	1990
VELF	7915		0	4949	2120	5121	2210	5268	2278	5427	2355	5780	2535
VELF	7915		0	6184	2815	6891	3375	7561	3785	8508	4125	9846	4465
VELF	7915		0	11990	4838								
SPNT	7995			2452	666906		8171617			22			
VELF	7995		0	2778	1485	3000	1500	3253	1530	3515	1615	3747	1660
VELF	7995		0	4000	1725	4313	1810	4566	1935	4808	2035	5111	2190
VELF	7995		0	5326	2305	5705	2575	6172	2845	6727	3215	7384	3745
VELF	7995		0	8558	4085	10250	4515	11967	4845				
SPNT	8075			2479	667481		8170799			22			
VELF	8075		0	2758	1485	2899	1495	3061	1510	3280	1555	3465	1620
VELF	8075		0	3727	1665	3960	1705	4298	1849	4520	1939	4707	2025
VELF	8075		0	4909	2135	5275	2285	5490	2395	5856	2675	6222	2905
VELF	8075		0	6790	3245	7965	3835	9013	4185	10414	4525	11904	4835
SPNT	8155			2506	668059		8169983			22			
VELF	8155		0	2717	1488	2960	1502	3268	1555	3475	1615	3768	1680
VELF	8155		0	4000	1740	4202	1810	4364	1875	4727	2045	5051	2215
VELF	8155		0	5263	2315	5730	2635	5960	2855	6184	2995	6664	3345
VELF	8155		0	7396	3795	8230	4045	9202	4285	11967	4855		
SPNT	8235			2532	668642		8169170			22			
VELF	8235		0	2667	1485	2990	1505	3131	1535	3263	1565	3434	1615
VELF	8235		0	3646	1670	3793	1705	4091	1800	4263	1850	4515	1940
VELF	8235		0	4644	1995	4846	2125	5048	2255	5439	2515	5793	2605
VELF	8235		0	6134	2805	6790	3245	7119	3555	7384	3705	8066	3905
VELF	8235		0	8899	4155	11917	4855						
SPNT	8315			2559	669224		8168357			22			
VELF	8315		0	2646	1485	2808	1495	2949	1510	3121	1548	3283	1590
VELF	8315		0	3475	1640	3823	1715	4091	1795	4232	1845	4485	1950
VELF	8315		0	4727	2070	5023	2145	5364	2415	5768	2625	6045	2865
VELF	8315		0	6955	3485	8205	4015	9354	4365	11967	4915		
SPNT	8395			2586	669802		8167541			22			
VELF	8395		0	2626	1485	2859	1500	3013	1528	3228	1587	3424	1645
VELF	8395		0	3626	1685	3889	1765	4202	1825	4454	1970	4732	2135
VELF	8395		0	4960	2230	5389	2475	5793	2695	6010	2855	6727	3435
VELF	8395		0	7687	3855	9025	4275	10604	4685	11942	4925		
SPNT	8475			2612	670380		8166724			22			
VELF	8475		0	2596	1492	2876	1515	3202	1585	3394	1645	3616	1695
VELF	8475		0	3836	1745	4164	1865	4669	2085	4947	2225	5182	2345
VELF	8475		0	5326	2445	5818	2795	6146	2945	6449	3255	7207	3675
VELF	8475		0	7990	4025	9316	4395	11942	4955				
SPNT	8555			2639	670958		8165908			22			
VELF	8555		0	2573	1485	2859	1510	3003	1545	3232	1610	3472	1681
VELF	8555		0	3760	1745	3962	1805	4126	1855	4328	1955	4657	2105
VELF	8555		0	4972	2305	5275	2445	5705	2745	5957	2905	6487	3335
VELF	8555		0	7321	3875	8167	4255	9859	4705	11992	5075		
SPNT	8635			2666	671535		8165092			22			
VELF	8635		0	2525	1490	2763	1505	2977	1535	3104	1565	3283	1625
VELF	8635		0	3533	1675	3722	1735	4013	1835	4253	1945	4568	2105
VELF	8635		0	4747	2190	5030	2330	5242	2435	5578	2675	5907	2815
VELF	8635		0	6235	3165	6576	3435	6955	3715	8331	4285	9922	4715
VELF	8635		0	11904	5075								
SPNT	8715			2692	672124		8164283			22			
VELF	8715		0	2505	1485	2677	1490	2909	1520	3104	1585	3349	1662
VELF	8715		0	3556	1700	3811	1785	4139	1895	4424	2030	4707	2165
VELF	8715		0	5073	2385	5254	2515	5465	2685	5768	2845	6045	3005
VELF	8715		0	6424	3345	6891	3665	7763	4055	8571	4425	11955	5105
SPNT	8795			2719	672704		8163468			22			
VELF	8795		0	2485	1485	2742	1505	2914	1525	3131	1605	3354	1665
VELF	8795		0	3545	1712	3737	1760	4013	1855	4313	1980	4543	2085
VELF	8795		0	4896	2295	5313	2525	5679	2825	6399	3295	7308	3895
VELF	8795		0	8482	4285	9530	4625	11929	5065				
SPNT	8875			2746	673275		8162647			22			
VELF	8875		0	2465	1485	2705	1506	2892	1527	3131	1610	3323	1685
VELF	8875		0	3470	1705	3737	1760	3854	1809	4040	1880	4182	1953
VELF	8875		0	4377	2041	4631	2195	4947	2395	5162	2535	5717	2835
VELF	8875		0	6361	3315	6828	3655	7826	4045	8508	4325	9063	4475
VELF	8875		0	11967	5045								
SPNT	8955			2772	673851		8161830			22			
VELF	8955		0	2444	1485	2737	1495	2899	1530	3101	1600	3306	1675
VELF	8955		0	3735	1765	3949	1850	4152	1925	4379	2055	4606	2175
VELF	8955		0	4859	2305	5098	2445	5465	2625	5667	2805	6058	2995
VELF	8955		0	6487	3405	7346	3815	7876	4075	8924	4385	10237	4675
VELF	8955		0	11879	4975								
SPNT	9035			2799	674429		8161014			22			
VELF	9035		0	2424	1485	2673	1500	2864	1535	3053	1585	3283	1670
VELF	9035		0	3465	1705	3690	1766	3936	1848	4247	1978	4636	2135
VELF	9035		0	4871	2285	5225	2465	5629	2765	6058	2985	6449	3175
VELF	9035		0	6904	3485	8141	4135	9429	4495	11955	5005		
SPNT	9115			2826	675013		8160201			22			
VELF	9115		0	2384	1485	2677	1505	2889	1535	3091	1625	3318	1705
VELF	9115		0	3596	1735	3838	1820	4141	1940	4318	2038	4644	2195
VELF	9115		0	4934	2365	5313	2625	5806	2975	6260	3345	7005	3625
VELF	9115		0	7876	3925	8785	4235	10439	4685	11967	4995		
SPNT	9195			2852	675599		8159391			22			
VELF	9195		0	2364	1485	2851	1535	2990	1585	3162	1655	3364	1715
VELF	9195		0	3545	1745	3828	1845	4051	1925	4273	2030	4535	2150
VELF	9195		0	4697	2250	4859	2385	5253	2650	5831	2905	6235	3235
VELF	9195		0	6715	3545	7914	4015	8924	4325	10503	4695	11980	5015
SPNT	9275			2879	676179		8158576			22			
VELF	9275		0	2343	1485	2636	1505	2801	1535	3129	1625	3318	1698
VELF	9275		0	3611	1762	3758	1800	3960	1885	4152	1970	4308	2058
VELF	9275		0	4586	2180	4871	2325	5212	2605	5780	2955	6437	3365
VELF	9275		0	6740	3565	7535	3935	8369	4255	9758	4615	11942	5055
SPNT	9355			2906	676761		8157763			22			
VELF	9355		0	2343	1485	2616	1505	2818	1535	3091	1635	3374	1720
VELF	9355		0	3646	1785	3980	1915	4177	2005	4455	2165	4909	2425
VELF	9355		0	5174	2625	5780	2985	6374	3275	7081	3695	7813	4125
VELF	9355		0	9379	4605	11803	5065						
SPNT	9435			2932	677346		8156953			22			
VELF	9435		0	2321	1495	2596	1508	2747	1530	3015	1635	3278	1722
VELF	9435		0	3591	1778	3760	1835	4000	1935	4278	2062	4707	2225
VELF	9435		0	4896	2365	5212	2645	5932	3055	7005	3725	7586	4075
VELF	9435		0	8899	4535	11917	5105						
SPNT	9515			2959	677921		8156135			22			
VELF	9515		0	2303	1485	2556	1505	2714	1522	2899	1595	3141	1690
VELF	9515		0	3374	1735	3579	1790	3824	1879	4010	1950	4273	2045
VELF	9515		0	4596	2235	4846	2345	5111	2535	5919	3075	6866	3585
VELF	9515		0	7624	4015	8533	4355	10073	4835	11904	5105		
SPNT	9595			2986	678498		8155318			22			
VELF	9595		0	2283	1485	2505	1500	2677	1530	2939	1615	3323	1715
VELF	9595		0	3545	1790	3778	1865	4081	1995	4391	2125	4619	2245
VELF	9595		0	4848	2395	5172	2650	5553	2805	5831	2985	6551	3385
VELF	9595		0	7093	3685	8242	4255	10111	4855	11879	5145		
SPNT	9675			3012	679080		8154505			22			
VELF	9675		0	2232	1485	2535	1510	2718	1547	2942	1631	3336	1747
VELF	9675		0	3525	1795	3768	1850	4081	2012	4453	2161	4749	2376
VELF	9675		0	5071	2575	5717	2965	6298	3265	7295	3745	8495	4205
VELF	9675		0	9859	4605	11929	5045						
SPNT	9755			3039	679661		8153691			22			
VELF	9755		0	2217	1492	2404	1505	2576	1515	2758	1555	2949	1650
VELF	9755		0	3253	1745	3697	1865	3919	1975	4202	2025	4429	2085
VELF	9755		0	4687	2275	5020	2540	5692	2875	6260	3105	6854	3425
VELF	9755		0	8343	4135	10010	4575	11980	4960				
SPNT	9835			3066	680249		8152883			22			
VELF	9835		0	2172	1485	2374	1495	2717	1555	2939	1635	3313	1750
VELF	9835		0	3717	1894	4030	2005	4278	2105	4475	2245	4808	2415
VELF	9835		0	5202	2670	5742	2955	6475	3355	7040	3580	8129	4045
VELF	9835		0	9871	4545	11917	4975						
SPNT	9915			3092	680830		8152069			22			
VELF	9915		0	2162	1490	2354	1500	2475	1510	2657	1550	2848	1620
VELF	9915		0	3071	1680	3354	1775	3566	1850	3717	1895	3879	1965
VELF	9915		0	4081	2050	4293	2140	4525	2285	4763	2422	5081	2565
VELF	9915		0	5528	2775	5881	3015	6449	3345	7283	3755	8710	4305
VELF	9915		0	11942	5015								
SPNT	9995			3119	681409		8151254			22			
VELF	9995		0	2131	1485	2323	1495	2566	1530	2857	1631	3071	1710
VELF	9995		0	3293	1775	3505	1830	3687	1880	3851	1943	4030	2020
VELF	9995		0	4232	2080	4364	2170	4568	2265	4795	2445	5040	2550
VELF	9995		0	5636	2930	6020	3165	6513	3415	6992	3605	8886	4345
VELF	9995		0	10250	4695	11955	5005						
SPNT	10075			3146	681987		8150438			22			
VELF	10075		0	2121	1485	2384	1500	2646	1550	2859	1650	3131	1735
VELF	10075		0	3323	1795	3626	1880	3939	1990	4192	2075	4364	2190
VELF	10075		0	4525	2310	4808	2465	5073	2615	5313	2780	5553	2895
VELF	10075		0	6414	3355	7737	4055	8798	4465	10187	4795	11967	5165
SPNT	10155			3172	682575		8149629			22			
VELF	10155		0	2101	1485	2321	1495	2510	1535	2875	1653	3121	1750
VELF	10155		0	3272	1789	3646	1900	3874	1975	4202	2110	4495	2315
VELF	10155		0	4833	2485	5098	2655	5636	2955	7068	3755	8179	4255
VELF	10155		0	9682	4675	11980	5165						
SPNT	10235			3199	683144		8148807			22			
VELF	10235		0	2071	1485	2242	1495	2409	1522	2576	1545	2864	1635
VELF	10235		0	3071	1760	3333	1820	3596	1885	3778	1945	4177	2075
VELF	10235		0	4485	2280	4788	2400	5098	2615	5505	2890	6285	3325
VELF	10235		0	7030	3685	8710	4455	11854	5185				
SPNT	10315			3226	683731		8147997			22			
VELF	10315		0	2061	1485	2279	1509	2475	1535	2626	1570	2859	1668
VELF	10315		0	3018	1748	3281	1800	3460	1859	3626	1910	3848	1975
VELF	10315		0	4141	2115	4293	2205	4505	2365	4758	2490	5000	2580
VELF	10315		0	5162	2673	5398	2805	5566	2925	6020	3145	6588	3365
VELF	10315		0	8646	4515	11967	5205						
SPNT	10395			3252	684315		8147186			22			
VELF	10395		0	2051	1490	2283	1505	2465	1535	2596	1572	2737	1630
VELF	10395		0	2919	1700	3232	1800	3414	1845	3707	1915	3859	2000
VELF	10395		0	4020	2065	4182	2150	4359	2255	4745	2455	5212	2685
VELF	10395		0	5553	2835	6020	3215	6917	3705	8394	4375	10111	4760
VELF	10395		0	11960	5100								
SPNT	10475			3279	684894		8146371			22			
VELF	10475		0	2020	1485	2283	1495	2383	1522	2556	1565	2712	1645
VELF	10475		0	3003	1745	3192	1815	3470	1855	3697	1915	4000	2065
VELF	10475		0	4360	2272	4545	2390	4828	2540	5427	2825	5869	3175
VELF	10475		0	6455	3430	7396	3915	8306	4365	10010	4745	11970	5110
SPNT	10555			3306	685474		8145555			22			
VELF	10555		0	1990	1485	2263	1495	2495	1550	2725	1625	2919	1720
VELF	10555		0	3273	1825	3558	1895	3737	1985	3987	2085	4303	2295
VELF	10555		0	4833	2535	5427	2785	5919	3065	6778	3605	8078	4205
VELF	10555		0	9152	4585	11992	5185						
SPNT	10635			3332	686053		8144741			22			
VELF	10635		0	1965	1489	2141	1495	2333	1515	2517	1566	2824	1694
VELF	10635		0	3003	1764	3233	1818	3404	1870	3672	1945	3949	2045
VELF	10635		0	4152	2160	4354	2250	4530	2375	4770	2475	5071	2715
VELF	10635		0	5831	3185	7131	3665	7636	3895	8924	4395	11841	5165
SPNT	10715			3359	686636		8143928			22			
VELF	10715		0	1970	1485	2245	1505	2472	1555	2699	1655	2828	1695
VELF	10715		0	2995	1768	3232	1825	3636	1948	3899	2075	4101	2165
VELF	10715		0	4354	2305	4581	2455	4808	2625	5061	2760	5566	3035
VELF	10715		0	6096	3345	6929	3705	7977	4275	9429	4735	11942	5275
SPNT	10795			3386	687221		8143117			22			
VELF	10795		0	1929	1485	2232	1515	2424	1550	2596	1610	2808	1690
VELF	10795		0	2960	1775	3232	1840	3465	1905	3647	1951	3799	2044
VELF	10795		0	3960	2110	4152	2180	4354	2255	4543	2405	4798	2620
VELF	10795		0	5023	2725	5553	2945	6184	3295	6891	3665	7737	4205
VELF	10795		0	8697	4555	11841	5265						
SPNT	10875			3412	687796		8142298			22			
VELF	10875		0	1904	1485	2169	1505	2414	1555	2596	1620	2798	1700
VELF	10875		0	3028	1805	3232	1855	3545	1945	3758	2040	4088	2195
VELF	10875		0	4303	2285	4586	2475	5035	2695	5616	2985	5995	3165
VELF	10875		0	6626	3545	7864	4285	8710	4555	11891	5295		
SPNT	10955			3439	688380		8141487			22			
VELF	10955		0	1899	1485	2162	1500	2404	1555	2657	1655	2949	1765
VELF	10955		0	3253	1885	3535	1970	3889	2100	4290	2285	4593	2445
VELF	10955		0	5061	2735	5528	2945	5881	3125	6765	3525	7826	4275
VELF	10955		0	9038	4685	10351	4995	11955	5315				
SPNT	11035			3466	688962		8140674			22			
VELF	11035		0	1899	1490	2169	1505	2394	1560	2616	1650	2753	1698
VELF	11035		0	2889	1745	3192	1860	3566	1970	3912	2065	4303	2235
VELF	11035		0	4576	2500	5035	2685	5477	2925	5818	3205	6778	3735
VELF	11035		0	7965	4385	9657	4875	11929	5335				
SPNT	11115			3492	689539		8139857			22			
VELF	11115		0	1859	1485	2141	1507	2364	1557	2616	1660	2902	1755
VELF	11115		0	3172	1855	3356	1925	3583	1995	3861	2105	4316	2305
VELF	11115		0	4530	2405	4909	2625	5275	2795	5793	3145	6134	3425
VELF	11115		0	7172	4000	7939	4375	8836	4685	9934	4945	11891	5365
SPNT	11195			3519	690121		8139044			22			
VELF	11195		0	1854	1495	2141	1505	2384	1565	2556	1635	2725	1695
VELF	11195		0	2909	1790	3152	1855	3384	1920	3586	1985	3735	2095
VELF	11195		0	4177	2275	4467	2515	4859	2715	5199	2845	5629	3045
VELF	11195		0	5919	3240	6538	3615	7662	4085	9063	4755	11904	5385
SPNT	11275			3546	690704		8138231			22			
VELF	11275		0	1854	1485	2020	1490	2172	1510	2343	1560	2485	1615
VELF	11275		0	2657	1690	2902	1745	3116	1815	3313	1905	3596	2000
VELF	11275		0	3809	2068	4232	2305	4444	2485	4758	2680	5182	2885
VELF	11275		0	5692	3105	5960	3250	6737	3700	7674	4175	8937	4755
VELF	11275		0	11854	5385								
SPNT	11355			3572	691281		8137415			22			
VELF	11355		0	1828	1485	2061	1495	2242	1540	2374	1595	2596	1685
VELF	11355		0	2818	1755	3030	1845	3348	1925	3848	2095	4121	2275
VELF	11355		0	4303	2388	4495	2525	4869	2725	5141	2875	5596	3165
VELF	11355		0	6303	3585	7556	4095	8515	4615	9808	4975	11939	5385
SPNT	11435			3599	691862		8136600			22			
VELF	11435		0	1808	1490	2051	1505	2202	1535	2434	1610	2657	1690
VELF	11435		0	2818	1775	2983	1852	3152	1905	3323	1930	3556	1994
VELF	11435		0	3798	2145	4101	2315	4414	2515	4828	2705	5263	2915
VELF	11435		0	5859	3355	6364	3645	7273	3985	8222	4485	9707	5005
VELF	11435		0	11980	5425								
SPNT	11515			3626	692444		8135788			22			
VELF	11515		0	1778	1485	2010	1505	2192	1535	2444	1610	2697	1725
VELF	11515		0	2879	1810	3131	1860	3571	1985	3735	2075	3962	2185
VELF	11515		0	4202	2335	4480	2465	4795	2645	5048	2735	5452	2945
VELF	11515		0	5894	3245	6222	3535	7434	4085	8710	4665	11879	5425
SPNT	11595			3652	693019		8134969			22			
VELF	11595		0	1778	1485	2040	1505	2202	1550	2403	1595	2657	1720
VELF	11595		0	2828	1805	2990	1855	3182	1910	3545	2030	3818	2115
VELF	11595		0	4114	2305	4404	2475	4833	2735	5237	2905	5452	3005
VELF	11595		0	5768	3255	6588	3755	7333	4155	9038	4705	11980	5365
SPNT	11675			3679	693599		8134155			22			
VELF	11675		0	1747	1485	1929	1495	2121	1525	2313	1580	2566	1685
VELF	11675		0	2828	1810	2990	1878	3157	1922	3465	2025	3886	2135
VELF	11675		0	4141	2285	4404	2415	4795	2745	5414	3045	5919	3335
VELF	11675		0	6917	3795	7409	3985	8836	4605	10490	5025	11955	5345
SPNT	11755			3706	694180		8133340			22			
VELF	11755		0	1737	1485	1929	1500	2131	1525	2343	1595	2646	1720
VELF	11755		0	2848	1840	3162	1910	3364	1980	3646	2085	3874	2185
VELF	11755		0	4139	2335	4442	2515	4682	2665	5048	2865	5490	3125
VELF	11755		0	5768	3310	6753	3955	7220	4145	9818	4920	11949	5295
SPNT	11835			3732	694752		8132520			22			
VELF	11835		0	1717	1485	1960	1505	2192	1555	2404	1635	2636	1730
VELF	11835		0	2828	1835	3081	1925	3333	1990	3545	2090	3823	2215
VELF	11835		0	4101	2345	4404	2525	4720	2725	5326	3035	6109	3575
VELF	11835		0	7101	4060	8293	4475	10323	5030	11949	5295		
SPNT	11915			3759	695336		8131709			22			
VELF	11915		0	1697	1485	1899	1495	2065	1531	2253	1595	2579	1711
VELF	11915		0	2827	1854	3131	1915	3384	2010	3760	2155	4013	2255
VELF	11915		0	4328	2505	4720	2705	5237	2995	6071	3525	7081	3995
VELF	11915		0	8121	4440	9626	4870	11919	5315				
SPNT	11995			3786	695914		8130893			22			
VELF	11995		0	1657	1485	1859	1495	2040	1530	2202	1585	2384	1645
VELF	11995		0	2566	1730	2798	1865	2990	1915	3172	1955	3364	2020
VELF	11995		0	3735	2165	4013	2285	4606	2635	5237	2955	5566	3245
VELF	11995		0	5881	3445	7043	4015	7434	4205	7977	4445	9747	4905
VELF	11995		0	11960	5335								
SPNT	12075			3812	696491		8130076			22			
VELF	12075		0	1626	1485	1859	1495	2051	1535	2079	1550	2253	1605
VELF	12075		0	2424	1660	2626	1755	2798	1855	2980	1925	3192	1975
VELF	12075		0	3505	2075	3798	2230	4121	2370	4424	2565	4619	2675
VELF	12075		0	5048	2925	5389	3075	5944	3325	6677	3945	7194	4295
VELF	12075		0	8116	4645	9720	5015	11970	5340				
SPNT	12155			3839	697077		8129266			22			
VELF	12155		0	1646	1495	1848	1505	2101	1560	2313	1650	2616	1785
VELF	12155		0	2818	1895	3129	1975	3444	2095	3768	2248	4051	2395
VELF	12155		0	4316	2595	4985	2955	5364	3205	6045	3575	6980	4095
VELF	12155		0	8482	4735	10098	5075	11949	5345				
SPNT	12235			3866	697658		8128452			22			
VELF	12235		0	1596	1485	1848	1505	2000	1540	2202	1625	2414	1720
VELF	12235		0	2582	1781	2789	1894	3065	1970	3313	2045	3596	2145
VELF	12235		0	3738	2196	3924	2295	4265	2495	4576	2715	4929	2940
VELF	12235		0	5351	3105	5843	3345	6513	3715	6955	3935	8583	4695
VELF	12235		0	10535	5105	11960	5355						
SPNT	12315			3892	698239		8127637			22			
VELF	12315		0	1606	1485	1768	1505	1909	1515	2081	1575	2242	1655
VELF	12315		0	2460	1775	2674	1845	3091	2015	3424	2110	3609	2165
VELF	12315		0	3874	2295	4240	2535	4556	2655	5010	2945	5477	3225
VELF	12315		0	5881	3465	6816	3915	8283	4565	10040	4985	11939	5350
SPNT	12395			3919	698822		8126825			22			
VELF	12395		0	1569	1493	1778	1499	1949	1540	2162	1620	2384	1715
VELF	12395		0	2547	1790	2758	1895	2949	1980	3135	2032	3292	2088
VELF	12395		0	3490	2163	3690	2245	3990	2440	4265	2585	4525	2725
VELF	12395		0	4774	2850	4934	2945	5654	3295	6854	3965	8268	4715
VELF	12395		0	11929	5435								
SPNT	12475			3946	699394		8126005			22			
VELF	12475		0	1576	1485	1808	1500	1990	1550	2172	1640	2374	1720
VELF	12475		0	2535	1805	2717	1900	2904	1975	3131	2025	3333	2100
VELF	12475		0	3677	2250	3909	2370	4222	2535	4530	2745	4947	3055
VELF	12475		0	5856	3505	6576	3915	7043	4155	8217	4715	9530	5005
VELF	12475		0	11980	5375								
SPNT	12555			3972	699976		8125192			22			
VELF	12555		0	1538	1497	1697	1500	1808	1510	1970	1560	2192	1650
VELF	12555		0	2404	1755	2586	1895	2826	1985	3154	2075	3343	2120
VELF	12555		0	3545	2205	3727	2285	4038	2435	4227	2565	4530	2785
VELF	12555		0	5174	3215	5742	3535	6689	4025	7598	4505	8886	4895
VELF	12555		0	10505	5145	11960	5380						
SPNT	12635			3999	7552		8124374			22			
VELF	12635		0	1485	1485	1677	1495	1828	1530	1929	1570	2202	1688
VELF	12635		0	2434	1805	2641	1925	3061	2015	3354	2145	3636	2265
VELF	12635		0	3889	2450	4061	2555	4414	2745	4808	2955	5040	3135
VELF	12635		0	5528	3465	5907	3745	6601	4015	7384	4455	8987	4935
VELF	12635		0	11899	5385								
SPNT	12715			4026	71135		8123562			22			
VELF	12715		0	1434	1485	1687	1510	1949	1590	2162	1680	2478	1848
VELF	12715		0	2758	2000	2960	2045	3232	2135	3442	2190	3586	2260
VELF	12715		0	3859	2405	4130	2601	4434	2705	4909	2895	5553	3255
VELF	12715		0	5970	3645	6652	4095	7333	4535	9038	5015	11949	5435
SPNT	12795			4052	71714		8122747			22			
VELF	12795		0	1343	1485	1596	1505	1758	1535	1899	1600	2121	1705
VELF	12795		0	2293	1805	2475	1880	2737	2015	3111	2125	3343	2215
VELF	12795		0	3566	2295	3836	2455	4114	2615	4455	2800	4884	2995
VELF	12795		0	5591	3365	6614	3875	7598	4485	9164	5015	11980	5495
SPNT	12875			4079	72291		8121930			22			
VELF	12875		0	1293	1485	1566	1510	1748	1553	2010	1680	2286	1828
VELF	12875		0	2485	1910	2712	2017	2909	2095	3354	2195	3482	2255
VELF	12875		0	3798	2425	4025	2505	4333	2675	4821	2995	5187	3255
VELF	12875		0	6525	3800	7813	4535	8475	4740	10000	5120	11990	5470
SPNT	12955			4106	72870		8121115			22			
VELF	12955		0	1222	1485	1394	1495	1515	1520	1667	1545	1828	1595
VELF	12955		0	2071	1730	2293	1850	2434	1915	2763	2075	3419	2295
VELF	12955		0	3773	2495	3912	2625	4354	2815	4821	3045	5376	3325
VELF	12955		0	5970	3525	6475	3695	7018	4055	8444	4735	11949	5460
SPNT	13035			4132	73451		8120300			22			
VELF	13035		0	1202	1485	1444	1500	1596	1535	1737	1570	1879	1645
VELF	13035		0	2106	1785	2333	1905	2697	2045	2949	2155	3187	2253
VELF	13035		0	3495	2355	3747	2445	4013	2605	4343	2790	4732	3015
VELF	13035		0	4947	3135	5301	3355	6412	3965	7737	4615	11919	5450
SPNT	13115			4159	74032		8119487			22			
VELF	13115		0	1162	1490	1434	1515	1616	1555	1778	1620	1949	1720
VELF	13115		0	2131	1815	2354	1945	2545	2030	2869	2140	3230	2255
VELF	13115		0	3848	2605	4290	2875	4732	3105	5490	3565	6412	4275
VELF	13115		0	7952	4745	11967	5565						
SPNT	13195			4186	74608		8118669			22			
VELF	13195		0	1111	1495	1313	1500	1455	1525	1618	1572	1837	1662
VELF	13195		0	2051	1805	2333	1965	2596	2135	2842	2161	3052	2228
VELF	13195		0	3394	2425	3625	2544	3869	2715	4328	2925	4717	3155
VELF	13195		0	5606	3705	6374	4245	7270	4575	8798	4975	11955	5555
SPNT	13275			4212	75187		8117854			22			
VELF	13275		0	1091	1495	1247	1498	1465	1535	1657	1615	1828	1695
VELF	13275		0	2091	1855	2293	1975	2475	2085	2687	2140	2919	2200
VELF	13275		0	3293	2325	3424	2400	3697	2545	3949	2685	4202	2815
VELF	13275		0	4669	3045	5616	3715	6235	4165	7194	4535	9121	5035
VELF	13275		0	11970	5495								
SPNT	13355			4239	75768		8117040			22			
VELF	13355		0	1028	1494	1183	1507	1351	1530	1505	1560	1717	1675
VELF	13355		0	1899	1770	2081	1875	2312	1997	2535	2115	2788	2180
VELF	13355		0	3000	2245	3214	2330	3422	2419	3626	2515	3944	2727
VELF	13355		0	4202	2865	4707	3125	5528	3625	6197	4095	7232	4525
VELF	13355		0	8356	4825	9732	5125	11929	5430				
SPNT	13435			4266	76344		8116222			22			
VELF	13435		0	1020	1500	1253	1510	1485	1565	1687	1675	1838	1760
VELF	13435		0	2061	1905	2313	2040	2505	2160	2758	2190	3141	2310
VELF	13435		0	3404	2440	3586	2575	3962	2805	4222	2960	4795	3305
VELF	13435		0	5477	3585	6109	3785	7119	4335	8558	4915	11955	5525
SPNT	13515			4292	76928		8115411			22			
VELF	13515		0	969	1499	1185	1502	1422	1571	1626	1665	1855	1809
VELF	13515		0	2031	1908	2202	2015	2485	2180	2697	2220	3078	2335
VELF	13515		0	3318	2515	3657	2730	3924	2895	4227	3055	4694	3335
VELF	13515		0	6172	3845	7144	4255	8444	4905	11866	5535		
SPNT	13595			4319	77508		8114597			22			
VELF	13595		0	949	1500	1106	1505	1293	1540	1495	1630	1677	1765
VELF	13595		0	1949	1935	2222	2080	2354	2155	2707	2240	3053	2355
VELF	13595		0	3407	2555	3646	2725	3848	2875	4202	3065	4644	3345
VELF	13595		0	6109	4225	7384	4645	9657	5130	11949	5490		
SPNT	13675			4346	78045		8113748			22			
VELF	13675		0	939	1500	1111	1510	1273	1555	1434	1635	1605	1818
VELF	13675		0	1768	1880	1949	2015	2308	2175	2586	2225	2848	2320
VELF	13675		0	3040	2405	3343	2545	3583	2685	3798	2775	4152	2965
VELF	13675		0	4586	3200	5035	3475	6020	4195	7030	4695	8949	5105
VELF	13675		0	11949	5530								
SPNT	13755			4372	78666		8112965			22			
VELF	13755		0	899	1500	1111	1520	1253	1570	1424	1750	1596	1850
VELF	13755		0	1758	1935	1949	2035	2242	2160	2616	2235	3192	2415
VELF	13755		0	3697	2680	4040	2855	4518	3065	5894	4045	7346	4755
VELF	13755		0	8924	5115	11949	5560						
SPNT	13835			4399	79231		8112140			22			
VELF	13835		0	869	1500	1025	1501	1212	1560	1374	1700	1525	1830
VELF	13835		0	1677	1925	1961	2125	2141	2205	2596	2340	2767	2368
VELF	13835		0	2981	2473	3161	2531	3280	2585	3672	2775	4265	3025
VELF	13835		0	4972	3375	5843	3675	6386	3985	7763	4805	9596	5205
VELF	13835		0	11980	5585								
SPNT	13915			4426	79844		8111348			22			
VELF	13915		0	848	1500	1020	1520	1192	1585	1394	1770	1515	1868
VELF	13915		0	1687	1960	1960	2148	2227	2285	2616	2380	3015	2525
VELF	13915		0	3457	2725	4328	3145	5818	3555	6424	3995	6992	4305
VELF	13915		0	7775	4685	9631	5185	11980	5555				
SPNT	13995			4452	710412		8110526			22			
VELF	13995		0	813	1498	970	1510	1162	1565	1364	1766	1534	1863
VELF	13995		0	1760	2017	1924	2124	2085	2209	2303	2335	2598	2365
VELF	13995		0	3066	2515	3283	2620	3899	2940	4354	3105	5705	3675
VELF	13995		0	6500	4105	7497	4595	9202	5055	11879	5545		
SPNT	14075			4479	710976		819700			22			
VELF	14075		0	808	1505	980	1520	1121	1580	1293	1700	1444	1810
VELF	14075		0	1616	1900	1790	2035	2081	2185	2232	2245	2674	2405
VELF	14075		0	3040	2545	3306	2715	3558	2895	3886	3035	4455	3215
VELF	14075		0	4960	3435	5604	3615	6475	4175	7548	4605	9391	5115
VELF	14075		0	11942	5545								
SPNT	14155			4506	711566		818892			22			
VELF	14155		0	778	1500	980	1530	1101	1580	1212	1680	1419	1816
VELF	14155		0	1626	1925	1889	2105	2071	2205	2273	2330	2556	2405
VELF	14155		0	2859	2470	3192	2595	3328	2756	3545	2895	3859	3010
VELF	14155		0	4333	3190	5591	3715	6285	4205	7321	4665	9051	5115
VELF	14155		0	11942	5605								
SPNT	14235			4532	712146		818078			22			
VELF	14235		0	793	1508	944	1528	1081	1585	1212	1705	1384	1815
VELF	14235		0	1636	1955	1879	2100	2081	2245	2270	2305	2548	2345
VELF	14235		0	2851	2465	3053	2585	3280	2775	3596	3005	3899	3165
VELF	14235		0	4316	3305	4808	3595	5641	3975	6664	4495	7902	4935
VELF	14235		0	9619	5335	11955	5685						
SPNT	14315			4559	712729		817265			22			
VELF	14315		0	747	1500	1040	1575	1185	1695	1359	1815	1642	1991
VELF	14315		0	1836	2138	2055	2271	2256	2385	2636	2500	2945	2670
VELF	14315		0	3343	2885	3525	2990	3874	3175	4303	3275	5616	4055
VELF	14315		0	6639	4615	7939	5025	9543	5425	11955	5755		
SPNT	14395			4586	713299		816444			22			
VELF	14395		0	737	1500	909	1525	1040	1595	1172	1705	1374	1815
VELF	14395		0	1657	2015	1808	2125	1990	2235	2202	2330	2561	2425
VELF	14395		0	2902	2575	3202	2735	3760	2985	4227	3155	5073	3735
VELF	14395		0	5679	4005	6399	4575	7851	5115	9871	5555	11942	5815
SPNT	14475			4612	713887		815635			22			
VELF	14475		0	717	1500	939	1545	1172	1720	1374	1865	1556	1980
VELF	14475		0	1837	2163	2131	2345	2404	2425	2531	2472	2864	2615
VELF	14475		0	3202	2780	3407	2885	3785	3025	4366	3335	4758	3655
VELF	14475		0	5578	3945	6273	4245	7826	4915	9821	5385	11942	5695
SPNT	14555			4639	714469		814821			22			
VELF	14555		0	697	1500	929	1550	1141	1715	1384	1872	1545	2005
VELF	14555		0	1788	2175	2040	2300	2283	2395	2556	2455	2828	2595
VELF	14555		0	3078	2805	3381	3035	3778	3170	4316	3335	4707	3545
VELF	14555		0	5414	3915	6866	4455	7687	4805	9404	5255	11967	5675
SPNT	14635			4666	715051		814008			22			
VELF	14635		0	674	1503	919	1545	1091	1695	1263	1835	1384	1913
VELF	14635		0	1558	2035	1760	2205	2093	2415	2290	2465	2568	2515
VELF	14635		0	2871	2665	3148	2855	3755	3195	4222	3395	5383	3805
VELF	14635		0	5901	4115	7391	4685	8805	5105	11949	5645		
SPNT	14715			4692	715626		813190			22			
VELF	14715		0	677	1500	848	1525	949	1585	1061	1690	1152	1775
VELF	14715		0	1343	1895	1525	2075	1717	2250	1939	2345	2152	2435
VELF	14715		0	2414	2470	2717	2595	3071	2745	3364	2885	3697	3090
VELF	14715		0	4196	3345	4853	3625	5320	3745	6457	4225	7959	4925
VELF	14715		0	11999	5645								
SPNT	14795			4719	716205		812375			22			
VELF	14795		0	657	1500	838	1535	970	1605	1111	1745	1255	1835
VELF	14795		0	1434	1995	1583	2145	1768	2285	2020	2450	2217	2529
VELF	14795		0	2407	2551	2616	2630	2828	2715	2969	2754	3323	2950
VELF	14795		0	3677	3060	4209	3225	4803	3565	5295	3795	6520	4385
VELF	14795		0	7833	4945	10364	5355	11909	5595				
SPNT	14875			4746	716791		811564			22			
VELF	14875		0	646	1500	788	1520	889	1570	1081	1725	1212	1850
VELF	14875		0	1364	1970	1606	2225	1899	2395	2192	2470	2424	2545
VELF	14875		0	2768	2665	2949	2800	3323	3010	3747	3165	4361	3425
VELF	14875		0	4840	3635	5434	3975	6848	4595	8401	5065	11919	5625
SPNT	14955			4772	717370		81749			22			
VELF	14955		0	636	1500	848	1540	1007	1689	1162	1830	1325	1970
VELF	14955		0	1455	2075	1586	2235	1741	2320	1902	2410	2088	2465
VELF	14955		0	2454	2575	2788	2705	3081	2900	3333	3020	3666	3125
VELF	14955		0	4083	3295	5219	3935	7227	4765	8654	5105	11929	5585
SPNT	15035			4799	717956		8099939			22			
VELF	15035		0	636	1500	778	1520	929	1625	1101	1800	1273	1920
VELF	15035		0	1414	2065	1566	2195	1828	2375	2061	2485	2429	2545
VELF	15035		0	2788	2695	3275	2955	3590	3195	4032	3385	5118	3865
VELF	15035		0	6558	4505	7883	4975	9758	5230	10465	5335	11939	5545
SPNT	15115			4826	718531		8099120			22			
VELF	15115		0	636	1500	778	1525	929	1650	1131	1835	1273	1955
VELF	15115		0	1495	2170	1626	2280	1856	2388	2192	2510	2426	2603
VELF	15115		0	2636	2660	3030	2785	3273	2960	3616	3165	4121	3275
VELF	15115		0	5017	3625	5459	3855	5977	4055	7593	4805	9563	5205
VELF	15115		0	11939	5495								
SPNT	15195			4852	719112		8098306			22			
VELF	15195		0	616	1500	758	1535	869	1590	929	1665	1040	1780
VELF	15195		0	1192	1910	1393	2085	1532	2225	1667	2335	1797	2385
VELF	15195		0	2010	2490	2429	2615	2869	2815	3199	3005	3590	3145
VELF	15195		0	4081	3345	4297	3505	4765	3645	5207	3715	5699	3855
VELF	15195		0	6747	4225	7479	4555	9462	5155	11960	5510		
SPNT	15275			4879	719705		8097501			22			
VELF	15275		0	616	1500	818	1540	988	1733	1131	1850	1303	2000
VELF	15275		0	1424	2130	1566	2255	1747	2325	2113	2455	2391	2605
VELF	15275		0	2869	2805	3060	2965	3249	3095	3566	3210	4159	3415
VELF	15275		0	4398	3555	5068	3675	5939	3945	7151	4455	8628	5005
VELF	15275		0	11949	5565								
SPNT	15355			4906	720282		8096683			22			
VELF	15355		0	606	1500	727	1520	808	1555	889	1640	1051	1785
VELF	15355		0	1182	1915	1323	2055	1525	2225	1667	2315	1861	2415
VELF	15355		0	2353	2585	2871	2785	3035	2905	3199	3005	3576	3140
VELF	15355		0	4091	3340	4613	3555	5222	3730	6659	4355	7883	4795
VELF	15355		0	9916	5255	11949	5530						
SPNT	15435			4932	720858		8095866			22			
VELF	15435		0	606	1500	758	1540	879	1610	980	1705	1139	1881
VELF	15435		0	1293	2025	1465	2185	1606	2285	1747	2375	2001	2475
VELF	15435		0	2364	2600	2626	2710	2848	2810	3071	2950	3222	3025
VELF	15435		0	3579	3165	4071	3375	4715	3595	5094	3715	5576	3890
VELF	15435		0	7114	4535	8071	4830	10044	5246	11889	5505		
SPNT	15515			4959	721434		8095049			22			
VELF	15515		0	596	1500	717	1535	823	1565	965	1712	1121	1870
VELF	15515		0	1303	2050	1444	2195	1646	2315	1838	2435	2111	2530
VELF	15515		0	2394	2630	2697	2740	2859	2840	3212	3045	3920	3395
VELF	15515		0	4564	3595	5309	3855	6028	4145	6874	4505	7594	4745
VELF	15515		0	8990	5045	10505	5305	11939	5525				
SPNT	15595			4986	722011		8094232			22			
VELF	15595		0	596	1500	737	1530	828	1580	939	1706	1131	1885
VELF	15595		0	1273	2020	1444	2190	1616	2295	1808	2430	1980	2515
VELF	15595		0	2203	2535	2506	2655	2859	2815	3030	2935	3240	3095
VELF	15595		0	3667	3285	3894	3415	4576	3555	5006	3695	5283	3935
VELF	15595		0	6331	4345	7430	4735	8617	5035	10374	5320	11879	5550
SPNT	15675			5012	722588		8093416			22			
VELF	15675		0	576	1500	717	1520	808	1570	960	1705	1131	1885
VELF	15675		0	1374	2110	1636	2300	1786	2395	1988	2485	2405	2595
VELF	15675		0	2935	2865	3232	3050	3629	3215	4061	3450	4576	3635
VELF	15675		0	5031	3865	5422	4045	6129	4395	7114	4735	8364	5115
VELF	15675		0	11949	5570								
SPNT	15755			5039	723171		8092603			22			
VELF	15755		0	586	1500	727	1520	828	1590	929	1690	1111	1880
VELF	15755		0	1293	2050	1455	2195	1596	2295	1786	2395	2010	2490
VELF	15755		0	2329	2585	2576	2655	2859	2790	3024	2875	3225	2995
VELF	15755		0	3503	3135	3844	3295	4343	3540	4816	3755	6066	4385
VELF	15755		0	6849	4635	8301	5125	11949	5575				
SPNT	15835			5066	723751		8091789			22			
VELF	15835		0	556	1500	692	1515	818	1592	1005	1732	1162	1925
VELF	15835		0	1343	2080	1609	2255	1768	2390	1949	2505	2291	2585
VELF	15835		0	2717	2750	3086	2975	3263	3125	3882	3385	4223	3545
VELF	15835		0	4808	3710	5094	3805	5624	4135	6811	4705	8453	5185
VELF	15835		0	11970	5620								
SPNT	15915			5092	724332		8090974			22			
VELF	15915		0	556	1500	707	1520	818	1585	949	1730	1101	1885
VELF	15915		0	1268	2036	1421	2150	1556	2250	1769	2375	2000	2495
VELF	15915		0	2348	2610	2552	2681	2720	2762	3058	2934	3552	3259
VELF	15915		0	3919	3425	4400	3565	4930	3815	6041	4485	7278	4845
VELF	15915		0	9343	5285	11909	5635						
SPNT	15995			5119	724903		8090154			22			
VELF	15995		0	545	1500	707	1525	818	1595	939	1728	1111	1905
VELF	15995		0	1303	2065	1470	2195	1735	2375	2038	2485	2367	2575
VELF	15995		0	2581	2695	2859	2845	3222	3160	3718	3355	4185	3515
VELF	15995		0	4766	3775	5296	3975	6306	4535	7493	4875	9828	5355
VELF	15995		0	11970	5655								
SPNT	16075			5146	725484		8089340			22			
VELF	16075		0	556	1505	707	1545	828	1615	925	1737	1081	1885
VELF	16075		0	1221	2027	1374	2120	1576	2245	1736	2397	2000	2515
VELF	16075		0	2325	2631	2576	2735	2828	2895	3101	3050	3566	3255
VELF	16075		0	4084	3485	5107	3845	6424	4630	7771	5075	9362	5355
VELF	16075		0	11929	5645								
SPNT	16155			5172	726063		8088525			22			
VELF	16155		0	535	1500	667	1525	758	1570	859	1655	960	1795
VELF	16155		0	1071	1900	1263	2030	1424	2155	1657	2285	1949	2425
VELF	16155		0	2333	2655	2677	2835	3111	3030	3478	3195	3920	3355
VELF	16155		0	4993	3715	6117	4325	7038	4855	9602	5365	11963	5645
SPNT	16235			5199	726649		8087715			22			
VELF	16235		0	535	1505	697	1540	818	1635	910	1738	1086	1919
VELF	16235		0	1267	2056	1384	2170	1551	2276	1710	2412	1919	2495
VELF	16235		0	2172	2570	2586	2780	3147	3040	3505	3180	3819	3275
VELF	16235		0	4614	3565	5119	3715	5927	4175	6697	4545	7947	5035
VELF	16235		0	10208	5475	11937	5685						
SPNT	16315			5226	727223		8086895			22			
VELF	16315		0	505	1505	667	1520	768	1592	869	1710	1030	1845
VELF	16315		0	1273	2080	1394	2195	1634	2375	1937	2495	2304	2655
VELF	16315		0	2708	2805	2935	2955	3099	3105	3465	3285	3819	3395
VELF	16315		0	4437	3535	4892	3685	5346	3835	6786	4655	8465	5205
VELF	16315		0	11950	5715								
SPNT	16395			5252	727803		8086082			22			
VELF	16395		0	515	1505	667	1525	743	1570	899	1730	1071	1895
VELF	16395		0	1218	2045	1374	2185	1660	2415	1925	2515	2177	2595
VELF	16395		0	2619	2775	2835	2877	3175	3025	3781	3235	4602	3545
VELF	16395		0	5107	3745	6054	4225	7038	4775	8604	5285	11963	5735
SPNT	16475			5279	728391		8085272			22			
VELF	16475		0	505	1505	667	1520	818	1655	1081	1930	1232	2075
VELF	16475		0	1319	2145	1571	2325	1710	2455	2013	2525	2266	2635
VELF	16475		0	2720	2795	3162	3075	3490	3275	3818	3340	4463	3605
VELF	16475		0	5006	3745	5915	4145	7076	4815	8579	5315	11975	5815
SPNT	16555			5306	728969		8084456			22			
VELF	16555		0	505	1505	667	1540	779	1611	899	1740	1040	1880
VELF	16555		0	1167	1995	1343	2165	1458	2245	1622	2395	2001	2545
VELF	16555		0	2278	2625	2556	2745	3023	2955	3427	3305	3907	3545
VELF	16555		0	4404	3700	5010	3785	5751	3925	6697	4435	7644	4955
VELF	16555		0	9324	5425	11912	5765						
SPNT	16635			5332	729550		8083642			22			
VELF	16635		0	485	1505	626	1535	747	1605	899	1735	1030	1900
VELF	16635		0	1222	2070	1323	2155	1515	2400	1889	2610	2364	2740
VELF	16635		0	3101	3055	3389	3195	3756	3335	4109	3495	4374	3535
VELF	16635		0	4841	3615	5271	3745	6331	4325	7228	4765	9071	5345
VELF	16635		0	11963	5775								
SPNT	16715			5359	730131		8082827			22			
VELF	16715		0	495	1510	649	1545	808	1695	980	1930	1273	2240
VELF	16715		0	1634	2415	2038	2625	2316	2735	2745	2925	3074	3035
VELF	16715		0	3465	3175	3747	3255	4728	3575	5144	3745	5606	3950
VELF	16715		0	6331	4485	7581	4925	9021	5365	11937	5775		
SPNT	16795			5386	730703		8082007			22			
VELF	16795		0	485	1510	657	1555	788	1685	939	1880	1121	2050
VELF	16795		0	1354	2260	1748	2525	2020	2670	2525	2810	2947	2965
VELF	16795		0	3415	3105	3831	3195	4084	3275	4703	3485	5953	4065
VELF	16795		0	6576	4470	7985	5075	9475	5445	11963	5805		
SPNT	16875			5412	731294		8081200			22			
VELF	16875		0	485	1510	636	1535	778	1690	919	1870	1091	2030
VELF	16875		0	1232	2170	1386	2265	1563	2405	1739	2505	1974	2604
VELF	16875		0	2270	2715	2762	2895	3015	3055	3406	3285	3734	3415
VELF	16875		0	4113	3545	4909	3855	5982	4425	7181	4835	9505	5445
VELF	16875		0	11979	5825								
SPNT	16955			5439	731871		8080384			22			
VELF	16955		0	475	1510	657	1545	788	1700	1133	2085	1616	2495
VELF	16955		0	1790	2555	2030	2635	2320	2755	2661	2855	2876	3075
VELF	16955		0	3078	3185	3406	3305	4088	3565	4782	3805	5477	4115
VELF	16955		0	7131	4845	9012	5315	11967	5815				
SPNT	17035			5466	732454		8079572			22			
VELF	17035		0	475	1510	626	1520	707	1590	859	1770	970	1920
VELF	17035		0	1091	2030	1313	2225	1638	2475	2042	2635	2282	2705
VELF	17035		0	2484	2775	2737	2895	2929	3075	3406	3275	3696	3375
VELF	17035		0	4061	3545	4643	3815	5401	4075	6000	4300	6487	4545
VELF	17035		0	7143	4855	9340	5475	12005	5845				
SPNT	17115			5492	733024		8078750			22			
VELF	17115		0	475	1510	616	1538	737	1635	854	1785	929	1892
VELF	17115		0	1045	2005	1196	2145	1411	2295	1626	2475	1853	2555
VELF	17115		0	2061	2655	2333	2740	2646	2870	2762	2945	3027	3075
VELF	17115		0	3381	3215	3747	3445	4101	3605	4441	3745	5249	3915
VELF	17115		0	5931	4205	6739	4615	8166	5165	9757	5545	11941	5855
SPNT	17195			5519	733603		8077935			22			
VELF	17195		0	465	1510	657	1545	778	1685	879	1840	1020	1995
VELF	17195		0	1141	2090	1263	2205	1563	2475	2017	2635	2364	2765
VELF	17195		0	2657	2900	3053	3205	3381	3355	3709	3555	4404	3735
VELF	17195		0	4782	3855	5535	4040	6335	4385	7585	4885	9063	5375
VELF	17195		0	11967	5845								
SPNT	17275			5546	734188		8077124			22			
VELF	17275		0	465	1510	636	1545	778	1675	909	1860	1121	2070
VELF	17275		0	1293	2230	1475	2400	1687	2560	1949	2660	2333	2775
VELF	17275		0	2674	2855	3015	3145	3381	3275	3722	3425	4429	3625
VELF	17275		0	4757	3735	5477	4025	6638	4675	7901	5095	9858	5515
VELF	17275		0	11941	5875								
SPNT	17355			5572	734771		8076312			22			
VELF	17355		0	455	1510	616	1530	727	1620	909	1835	1020	1965
VELF	17355		0	1152	2100	1293	2245	1462	2375	1601	2465	1941	2655
VELF	17355		0	2636	2875	2901	3005	3406	3255	3772	3465	4717	3785
VELF	17355		0	5136	3965	6007	4355	7219	4905	8633	5265	10136	5545
VELF	17355		0	12005	5855								
SPNT	17435			5599	735339		8075488			22			
VELF	17435		0	455	1510	596	1538	682	1588	813	1738	969	1945
VELF	17435		0	1121	2088	1217	2172	1323	2275	1606	2485	1768	2590
VELF	17435		0	1970	2665	2434	2805	2727	2980	3015	3185	3394	3350
VELF	17435		0	4050	3565	4896	3805	5830	4075	6601	4425	7813	4985
VELF	17435		0	9997	5495	11967	5845						
SPNT	17515			5626	735931		8074682			22			
VELF	17515		0	446	1507	646	1563	788	1685	889	1835	1065	2035
VELF	17515		0	1297	2245	1602	2466	1778	2555	2081	2655	2409	2735
VELF	17515		0	2892	3058	3065	3135	3381	3265	4075	3545	4883	3785
VELF	17515		0	5654	4055	7383	4785	8469	5225	9719	5515	11967	5885
SPNT	17595			5652	736507		8073865			22			
VELF	17595		0	465	1510	666	1575	818	1758	919	1865	1070	2055
VELF	17595		0	1285	2225	1601	2525	1904	2605	2333	2715	2737	2920
VELF	17595		0	3015	3085	3318	3195	3980	3478	4239	3575	4845	3755
VELF	17595		0	5363	4035	5792	4235	6765	4665	8204	5215	9391	5525
VELF	17595		0	11967	5925								
SPNT	17675			5679	737082		8073047			22			
VELF	17675		0	465	1510	616	1545	747	1675	851	1813	1115	2102
VELF	17675		0	1273	2222	1595	2504	1767	2569	1929	2615	2293	2735
VELF	17675		0	2687	2895	3040	3165	3364	3280	3936	3545	4770	3765
VELF	17675		0	5010	3895	5275	4075	6499	4575	8040	5145	9265	5505
VELF	17675		0	11954	5915								
SPNT	17755			5706	737659		8072230			22			
VELF	17755		0	455	1510	636	1550	768	1695	924	1865	1030	1990
VELF	17755		0	1207	2182	1566	2460	1929	2565	2232	2675	2686	2885
VELF	17755		0	3030	3135	3333	3272	3772	3445	4290	3635	4719	3695
VELF	17755		0	5136	3855	5590	4195	6651	4635	8242	5195	10073	5635
VELF	17755		0	11904	5905								
SPNT	17835			5732	738244		8071419			22			
VELF	17835		0	465	1510	635	1556	790	1712	960	1925	1083	2065
VELF	17835		0	1272	2255	1525	2435	1904	2585	2257	2715	2535	2850
VELF	17835		0	2926	3055	3313	3250	3772	3475	4669	3675	5464	4045
VELF	17835		0	6285	4555	7901	5165	9606	5545	11954	5925		
SPNT	17915			5759	738820		8070601			22			
VELF	17915		0	465	1510	596	1530	687	1600	798	1738	929	1890
VELF	17915		0	1091	2065	1202	2155	1303	2275	1563	2495	1815	2605
VELF	17915		0	2244	2725	2636	2875	2926	3075	3293	3260	3772	3485
VELF	17915		0	4277	3695	4719	3775	5224	3885	5641	4165	6727	4765
VELF	17915		0	8621	5345	11979	5915						
SPNT	17995			5786	739395		8069783			22			
VELF	17995		0	455	1510	596	1525	707	1605	831	1747	970	1925
VELF	17995		0	1101	2075	1285	2295	1588	2465	1779	2590	1970	2625
VELF	17995		0	2333	2705	2712	2905	2952	3135	3280	3305	3733	3567
VELF	17995		0	4429	3725	5060	3855	5666	4085	6196	4505	7219	4985
VELF	17995		0	8330	5365	11979	5965						
SPNT	18075			5812	739978		8068971			22			
VELF	18075		0	465	1510	616	1535	717	1620	803	1728	894	1828
VELF	18075		0	1061	2025	1232	2185	1563	2545	1891	2645	2475	2870
VELF	18075		0	2768	2965	3002	3185	3242	3295	3873	3505	4239	3705
VELF	18075		0	5174	4145	5944	4535	7169	4985	8330	5385	11941	5955
SPNT	18155			5839	740559		8068157			22			
VELF	18155		0	455	1510	616	1555	737	1655	828	1755	970	1930
VELF	18155		0	1191	2167	1323	2330	1566	2540	1768	2613	1949	2650
VELF	18155		0	2394	2810	2657	2865	2952	3045	3242	3215	3828	3505
VELF	18155		0	4606	3745	5477	4395	6563	4825	8166	5385	11954	5965
SPNT	18235			5866	741135		8067339			22			
VELF	18235		0	465	1510	646	1555	828	1750	929	1865	1030	2010
VELF	18235		0	1202	2195	1384	2365	1550	2555	1904	2665	2257	2765
VELF	18235		0	2623	2925	2964	3235	3280	3365	3778	3475	4606	3695
VELF	18235		0	5590	4475	6689	4885	9492	5565	11979	5935		
SPNT	18315			5892	741716		8066525			22			
VELF	18315		0	455	1510	608	1550	717	1620	848	1770	990	1950
VELF	18315		0	1121	2120	1293	2330	1535	2565	1848	2660	2156	2755
VELF	18315		0	2374	2807	2636	2915	2926	3085	3204	3255	3797	3515
VELF	18315		0	4593	3755	5325	4215	6348	4795	7661	5205	11967	5935
SPNT	18395			5919	742300		8065713			22			
VELF	18395		0	455	1510	586	1535	707	1600	828	1755	980	1950
VELF	18395		0	1081	2072	1212	2230	1333	2370	1499	2525	1793	2658
VELF	18395		0	2343	2830	2623	2965	2899	3090	3217	3195	3444	3335
VELF	18395		0	3835	3545	4694	3785	5426	4245	6664	4875	8217	5345
VELF	18395		0	11916	5915								
SPNT	18475			5946	742879		8064898			22			
VELF	18475		0	475	1510	677	1585	798	1730	939	1895	1081	2075
VELF	18475		0	1212	2230	1364	2369	1545	2535	1687	2595	1859	2645
VELF	18475		0	2207	2755	2412	2838	2717	2955	3182	3245	3404	3349
VELF	18475		0	3823	3595	4719	3835	5906	4405	7017	4985	9037	5495
VELF	18475		0	11889	5855								
SPNT	18555			5972	743464		8064087			22			
VELF	18555		0	455	1510	667	1590	828	1760	949	1910	1051	2028
VELF	18555		0	1172	2170	1253	2270	1384	2405	1495	2535	1869	2665
VELF	18555		0	2169	2745	2421	2905	2727	3060	2952	3175	3273	3355
VELF	18555		0	3760	3545	4126	3645	4643	3805	6045	4475	7181	4925
VELF	18555		0	8734	5325	11967	5835						
SPNT	18635			5999	744023		8063258			22			
VELF	18635		0	465	1510	596	1535	788	1695	970	1945	1202	2230
VELF	18635		0	1354	2435	1525	2565	1866	2645	2295	2855	2497	3005
VELF	18635		0	2851	3185	3182	3315	3671	3545	4227	3665	4833	4025
VELF	18635		0	5590	4345	6487	4595	7308	4875	8949	5265	11954	5755
SPNT	18715			6026	744616		8062453			22			
VELF	18715		0	455	1510	626	1555	717	1622	818	1725	919	1845
VELF	18715		0	1030	1975	1172	2160	1263	2275	1525	2515	1717	2625
VELF	18715		0	2131	2740	2374	2815	2626	2950	3131	3240	3419	3455
VELF	18715		0	3760	3655	4568	3965	5287	4225	6083	4505	7333	4925
VELF	18715		0	9479	5325	11904	5715						
SPNT	18795			6052	745198		8061639			22			
VELF	18795		0	455	1510	606	1560	780	1703	919	1865	1032	1975
VELF	18795		0	1222	2215	1561	2529	1702	2615	1967	2675	2131	2745
VELF	18795		0	2611	3045	2901	3345	3419	3595	3747	3695	4707	4045
VELF	18795		0	5893	4535	6992	4805	7859	4975	9138	5245	11967	5665
SPNT	18875			6079	745777		8060824			22			
VELF	18875		0	455	1510	576	1525	677	1585	828	1745	970	1905
VELF	18875		0	1108	2045	1335	2355	1556	2600	1949	2710	2244	2785
VELF	18875		0	2396	2915	2616	3105	2762	3215	3330	3515	3608	3605
VELF	18875		0	4845	4115	6247	4625	8217	5105	11967	5665		
SPNT	18955			6106	746364		8060014			22			
VELF	18955		0	455	1515	596	1545	758	1665	1030	2030	1202	2250
VELF	18955		0	1343	2435	1560	2568	1967	2685	2345	2805	2661	3195
VELF	18955		0	3368	3455	4643	4005	6550	4665	7648	5005	11916	5705
SPNT	19035			6132	746948		8059202			22			
VELF	19035		0	455	1510	586	1530	717	1620	833	1765	985	1968
VELF	19035		0	1111	2142	1222	2295	1374	2505	1525	2575	1929	2695
VELF	19035		0	2131	2745	2674	2985	3128	3285	3431	3405	4138	3575
VELF	19035		0	4454	3705	5565	4355	6297	4625	7636	5005	11954	5715
SPNT	19115			6159	747519		8058381			22			
VELF	19115		0	455	1510	606	1545	727	1635	889	1810	1040	2040
VELF	19115		0	1141	2180	1273	2360	1535	2705	1919	2880	2371	3015
VELF	19115		0	3015	3265	3419	3465	3962	3675	4404	3965	5212	4385
VELF	19115		0	6815	4855	8090	5105	9828	5335	11995	5644		
SPNT	19195			6186	748102		8057569			22			
VELF	19195		0	434	1505	606	1555	768	1690	909	1845	1020	2000
VELF	19195		0	1146	2125	1285	2335	1537	2575	1878	2755	2383	2965
VELF	19195		0	2775	3095	3356	3405	3898	3645	4290	3955	5136	4465
VELF	19195		0	6866	4945	9364	5360	11929	5725				
SPNT	19275			6212	748694		8056762			22			
VELF	19275		0	455	1515	596	1540	768	1685	909	1865	1058	2015
VELF	19275		0	1209	2235	1515	2515	1815	2655	2106	2785	2358	2895
VELF	19275		0	2787	3185	3419	3475	3828	3710	4404	4175	5527	4655
VELF	19275		0	7459	5075	10424	5565	11992	5775				
SPNT	19355			6239	749270		8055944			22			
VELF	19355		0	424	1495	556	1525	717	1630	848	1815	969	1935
VELF	19355		0	1108	2105	1222	2245	1361	2425	1485	2515	1765	2635
VELF	19355		0	2118	2815	2535	3035	2838	3245	3431	3455	3835	3655
VELF	19355		0	4505	4065	5338	4455	6386	4855	7825	5105	11954	5725
SPNT	19435			6266	749845		8055126			22			
VELF	19435		0	424	1510	566	1550	697	1660	838	1815	1051	2070
VELF	19435		0	1247	2275	1487	2505	1663	2621	2061	2785	2585	2995
VELF	19435		0	2825	3205	3381	3655	4012	3995	5300	4575	6209	4775
VELF	19435		0	8267	5195	9697	5400	11939	5695				
SPNT	19515			6292	750440		8054322			22			
VELF	19515		0	414	1510	579	1555	680	1640	778	1755	929	1900
VELF	19515		0	1061	2080	1172	2205	1394	2445	1790	2545	2212	2810
VELF	19515		0	2556	3000	2749	3085	3229	3355	3911	3625	4479	3945
VELF	19515		0	5325	4515	6891	4885	8595	5255	11954	5755		
SPNT	19595			6319	751014		8053502			22			
VELF	19595		0	424	1515	596	1565	758	1745	929	1950	1083	2115
VELF	19595		0	1196	2265	1374	2460	1702	2645	2051	2745	2525	2985
VELF	19595		0	2952	3145	3242	3385	3671	3715	4593	4155	5893	4665
VELF	19595		0	7636	5115	11954	5805						
SPNT	19675			6346	751582		8052679			22			
VELF	19675		0	414	1510	545	1545	657	1635	788	1785	919	1965
VELF	19675		0	1045	2095	1146	2265	1348	2465	1515	2545	1739	2575
VELF	19675		0	2005	2695	2409	2945	2926	3285	3280	3485	3684	3685
VELF	19675		0	4441	4075	5515	4565	7876	5095	9467	5395	11941	5795
SPNT	19755			6372	752156		8051862			22			
VELF	19755		0	414	1510	545	1555	667	1655	768	1785	949	2020
VELF	19755		0	1121	2230	1348	2455	1636	2590	2005	2715	2244	2815
VELF	19755		0	2510	2905	2926	3145	3217	3425	3659	3685	4328	4035
VELF	19755		0	5161	4385	5780	4605	7674	5045	11967	5805		
SPNT	19835			6399	752739		8051049			22			
VELF	19835		0	404	1510	556	1555	626	1610	707	1720	798	1835
VELF	19835		0	889	1955	1071	2185	1172	2330	1386	2545	1714	2645
VELF	19835		0	2219	2885	2510	3025	2727	3185	3101	3400	3419	3625
VELF	19835		0	4391	4165	5590	4605	7080	4945	9505	5375	11992	5795
SPNT	19915			6426	753322		8050237			22			
VELF	19915		0	394	1510	556	1550	612	1609	788	1820	939	2020
VELF	19915		0	1061	2220	1354	2550	1556	2625	1768	2705	2118	2815
VELF	19915		0	2343	2940	2775	3225	3368	3605	4265	4145	5401	4645
VELF	19915		0	8166	5145	11967	5775						
SPNT	19995			6452	753889		8049414			22			
VELF	19995		0	404	1510	540	1558	657	1688	758	1838	838	1940
VELF	19995		0	1015	2175	1121	2370	1297	2535	1512	2595	1727	2645
VELF	19995		0	1992	2745	2232	2865	2446	2975	2876	3215	3671	3785
VELF	19995		0	4176	4045	5161	4545	6765	4905	8482	5235	11941	5735
SPNT	20075			6479	754462		8048594			22			
VELF	20075		0	394	1510	525	1530	606	1605	707	1755	778	1895
VELF	20075		0	838	2000	951	2143	1091	2355	1303	2535	1575	2605
VELF	20075		0	1904	2725	2383	2985	2863	3255	3280	3545	4239	4135
VELF	20075		0	5224	4595	9429	5415	11866	5715				
SPNT	20155			6506	755041		8047778			22			
VELF	20155		0	394	1510	535	1555	646	1685	788	1895	919	2100
VELF	20155		0	1010	2230	1121	2345	1293	2515	1499	2605	1739	2635
VELF	20155		0	2219	2865	2434	3010	2775	3155	2977	3325	3583	3705
VELF	20155		0	4214	4225	5489	4755	7623	5235	9416	5475	11954	5815
SPNT	20235			6532	755617		8046961			22			
VELF	20235		0	394	1510	525	1550	606	1630	778	1895	1045	2235
VELF	20235		0	1272	2475	1667	2655	2030	2790	2434	3055	2800	3235
VELF	20235		0	3172	3460	4252	4275	5464	4715	6916	5015	8911	5415
VELF	20235		0	11941	5775								
SPNT	20315			6559	756197		8046146			22			
VELF	20315		0	384	1510	545	1570	657	1710	758	1860	929	2085
VELF	20315		0	1071	2285	1260	2535	1436	2585	1651	2655	2093	2835
VELF	20315		0	2421	3045	2926	3355	3760	3945	5590	4805	6941	5075
VELF	20315		0	8747	5405	11929	5765						
SPNT	20395			6586	756782		8045335			22			
VELF	20395		0	384	1510	545	1565	616	1640	738	1901	919	2093
VELF	20395		0	1078	2269	1273	2455	1449	2555	1714	2655	2131	2795
VELF	20395		0	2421	2965	2586	3060	2989	3305	3949	3935	5603	4755
VELF	20395		0	7472	5255	9126	5465	11967	5765				
SPNT	20475			6612	757365		8044522			22			
VELF	20475		0	374	1510	535	1560	667	1725	778	1915	949	2130
VELF	20475		0	1061	2320	1222	2515	1398	2565	1702	2655	2068	2775
VELF	20475		0	2383	2965	2977	3285	3406	3595	4340	4175	5666	4845
VELF	20475		0	7636	5265	9454	5525	11916	5775				
SPNT	20555			6639	757930		8043697			22			
VELF	20555		0	364	1510	495	1545	576	1605	747	1860	909	2070
VELF	20555		0	1071	2335	1260	2455	1739	2645	2106	2735	2383	2945
VELF	20555		0	2573	3055	2762	3205	3457	3585	4454	4295	5553	4835
VELF	20555		0	6828	5145	8053	5315	11954	5815				
SPNT	20635			6666	758512		8042883			22			
VELF	20635		0	364	1510	465	1540	556	1615	667	1785	758	1935
VELF	20635		0	879	2060	995	2268	1202	2455	1411	2535	1689	2645
VELF	20635		0	2101	2785	2409	2965	2762	3135	2964	3255	3305	3495
VELF	20635		0	3558	3775	3949	4045	4606	4455	6234	5045	7851	5405
VELF	20635		0	11929	5845								
SPNT	20715			6692	759101		8042074			22			
VELF	20715		0	364	1510	465	1550	576	1643	729	1897	919	2170
VELF	20715		0	1061	2320	1212	2430	1354	2555	1714	2645	2068	2785
VELF	20715		0	2320	2925	2712	3085	2939	3245	3090	3355	3469	3625
VELF	20715		0	4833	4485	7396	5285	9212	5590	11878	5865		
SPNT	20795			6719	759668		8041251			22			
VELF	20795		0	374	1525	535	1600	616	1710	666	1845	767	1985
VELF	20795		0	899	2100	1010	2285	1234	2485	1601	2595	1891	2715
VELF	20795		0	2181	2855	2547	3005	2762	3105	2977	3245	3431	3485
VELF	20795		0	4593	4405	5527	4695	6790	5045	8659	5475	11941	5885
SPNT	20875			6746	760254		8040441			22			
VELF	20875		0	354	1510	465	1560	556	1620	636	1750	727	1930
VELF	20875		0	879	2130	980	2275	1182	2430	1474	2545	1651	2595
VELF	20875		0	1878	2695	2131	2805	2383	2945	2535	3065	2712	3165
VELF	20875		0	3255	3395	4037	4005	4845	4505	6323	4965	8242	5545
VELF	20875		0	11979	6005								
SPNT	20955			6772	760840		8039630			22			
VELF	20955		0	343	1510	475	1575	576	1655	652	1775	758	1950
VELF	20955		0	879	2145	1020	2335	1172	2422	1424	2515	1727	2625
VELF	20955		0	2141	2860	2697	3065	3191	3455	3722	3895	4631	4485
VELF	20955		0	5742	4945	8002	5485	11979	5975				
SPNT	21035			6799	761412		8038810			22			
VELF	21035		0	333	1510	434	1560	545	1635	657	1810	808	2055
VELF	21035		0	899	2190	1061	2385	1247	2455	1626	2575	1929	2685
VELF	21035		0	2131	2875	2323	3005	2674	3125	2838	3205	3570	3695
VELF	21035		0	4328	4405	5022	4665	6525	5085	8002	5445	11979	5965
SPNT	21115			6826	761989		8037993			22			
VELF	21115		0	333	1510	515	1595	586	1690	677	1855	778	1990
VELF	21115		0	859	2165	960	2300	1192	2460	1333	2545	1606	2635
VELF	21115		0	2093	2875	2333	2995	2636	3085	3330	3605	4568	4455
VELF	21115		0	5792	4905	7813	5395	11967	5985				
SPNT	21195			6852	762578		8037185			22			
VELF	21195		0	323	1510	434	1550	535	1635	646	1820	737	2015
VELF	21195		0	939	2320	1182	2470	1424	2575	2068	2755	2484	3025
VELF	21195		0	2989	3315	3621	3905	4404	4365	5805	5005	8141	5485
VELF	21195		0	11967	5995								
SPNT	21275			6879	763156		8036369			22			
VELF	21275		0	333	1510	434	1565	525	1630	652	1872	732	2055
VELF	21275		0	929	2315	1192	2485	1474	2575	2005	2725	2257	2905
VELF	21275		0	2510	3055	2876	3305	3684	3965	4429	4395	5186	4795
VELF	21275		0	6449	5205	7573	5405	11992	6005				
SPNT	21355			6906	763741		8035558			22			
VELF	21355		0	323	1510	444	1570	525	1635	677	1955	788	2165
VELF	21355		0	929	2355	1162	2495	1444	2605	1747	2685	2181	2805
VELF	21355		0	2446	2945	2699	3105	3065	3385	3936	4165	5426	4825
VELF	21355		0	6777	5215	8166	5505	11967	5965				
SPNT	21435			6932	764323		8034746			22			
VELF	21435		0	313	1510	384	1540	485	1595	586	1750	717	2095
VELF	21435		0	838	2285	939	2415	1152	2510	1474	2575	1979	2695
VELF	21435		0	2169	2795	2396	2995	3191	3555	4277	4345	5174	4775
VELF	21435		0	6499	5195	8053	5455	10313	5775	11954	5945		
SPNT	21515			6959	764900		8033929			22			
VELF	21515		0	303	1510	424	1555	495	1630	596	1835	687	2075
VELF	21515		0	828	2250	949	2365	1121	2500	1739	2645	1992	2765
VELF	21515		0	2396	2995	2636	3125	3154	3515	3722	3965	4530	4355
VELF	21515		0	5792	4875	7106	5245	11979	5905				
SPNT	21595			6986	765479		8033113			22			
VELF	21595		0	303	1525	439	1582	540	1728	641	1998	758	2195
VELF	21595		0	833	2338	1071	2475	1424	2575	1803	2675	2194	2885
VELF	21595		0	2484	3045	2851	3345	3343	3705	4429	4325	5439	4695
VELF	21595		0	6664	5075	11954	5895						
SPNT	21675			7012	766057		8032298			22			
VELF	21675		0	303	1515	424	1565	515	1680	596	1915	697	2125
VELF	21675		0	848	2330	1133	2535	1394	2590	1765	2675	2080	2825
VELF	21675		0	2371	2975	2609	3154	2919	3485	3292	3805	4202	4265
VELF	21675		0	4959	4635	6537	5105	8128	5355	11904	5875		
SPNT	21755			7039	766641		8031486			22			
VELF	21755		0	303	1515	414	1580	495	1685	576	1855	677	2065
VELF	21755		0	798	2255	1091	2460	1354	2570	2055	2885	2383	3045
VELF	21755		0	2611	3105	3305	3745	4176	4325	5452	4825	7396	5285
VELF	21755		0	11929	5925								
SPNT	21835			7066	767218		8030669			22			
VELF	21835		0	283	1515	434	1585	515	1705	626	1965	778	2235
VELF	21835		0	1121	2525	1343	2560	1727	2675	2081	2830	2396	3025
VELF	21835		0	2623	3155	3368	3685	4378	4425	5136	4715	6272	5035
VELF	21835		0	8469	5465	11941	5905						
SPNT	21915			7092	767803		8029858			22			
VELF	21915		0	283	1515	364	1565	485	1690	571	1865	660	2045
VELF	21915		0	714	2180	833	2315	1077	2440	1373	2525	1702	2635
VELF	21915		0	2005	2755	2345	2945	2661	3235	3267	3615	4277	4335
VELF	21915		0	5148	4765	8330	5465	11929	5875				
SPNT	21995			7119	768379		8029041			22			
VELF	21995		0	269	1515	364	1570	493	1668	579	1900	660	2095
VELF	21995		0	781	2285	1064	2440	1348	2545	1638	2625	1979	2775
VELF	21995		0	2316	2960	2611	3125	3015	3345	3734	3915	4416	4395
VELF	21995		0	5022	4645	5982	5035	8078	5385	11878	5885		
SPNT	22075			7146	768955		8028223			22			
VELF	22075		0	256	1515	414	1600	485	1665	556	1860	626	2035
VELF	22075		0	781	2235	929	2335	1091	2405	1361	2505	1992	2705
VELF	22075		0	2232	2935	3444	3695	4454	4295	5464	4785	6222	4955
VELF	22075		0	7232	5195	9757	5695	11979	5945				
SPNT	22155			7172	769533		8027407			22			
VELF	22155		0	256	1515	404	1605	498	1725	620	2025	754	2255
VELF	22155		0	982	2375	1411	2505	1941	2685	2194	2885	2472	3095
VELF	22155		0	2914	3445	3305	3705	3886	4075	4909	4745	5502	4945
VELF	22155		0	7535	5455	9315	5725	11929	5945				
SPNT	22235			7199	770112		8026591			22			
VELF	22235		0	242	1515	394	1605	480	1742	551	1915	633	2115
VELF	22235		0	763	2298	1076	2448	1293	2515	1818	2685	2093	2905
VELF	22235		0	2813	3345	3608	3955	4404	4465	5313	4805	7194	5315
VELF	22235		0	9492	5715	11929	5955						
SPNT	22315			7226	770700		8025783			22			
VELF	22315		0	242	1515	391	1625	551	1854	714	2185	916	2415
VELF	22315		0	1145	2495	1414	2555	1739	2705	2155	2885	2497	3065
VELF	22315		0	3141	3465	3734	4045	5224	4835	7446	5435	9164	5725
VELF	22315		0	11979	5995								
SPNT	22395			7252	771276		8024965			22			
VELF	22395		0	242	1525	394	1600	475	1705	556	1870	646	2075
VELF	22395		0	768	2265	1101	2492	1386	2535	1670	2625	2093	2815
VELF	22395		0	2358	2915	2737	3175	3431	3755	4176	4095	5237	4675
VELF	22395		0	6765	5155	8583	5565	11929	5945				
SPNT	22475			7279	771858		8024152			22			
VELF	22475		0	215	1515	388	1598	444	1685	552	1865	700	2185
VELF	22475		0	862	2355	1091	2455	1436	2535	1828	2675	2232	2855
VELF	22475		0	2611	3095	3255	3545	3696	3975	4265	4295	5022	4655
VELF	22475		0	5729	4885	7484	5395	11929	5915				
SPNT	22555			7306	772439		8023339			22			
VELF	22555		0	229	1515	377	1585	444	1705	540	1885	633	2055
VELF	22555		0	780	2275	1095	2425	1424	2455	1828	2575	2068	2695
VELF	22555		0	2497	3025	2636	3135	2876	3455	3532	3915	4088	4115
VELF	22555		0	5325	4545	7484	5375	9214	5615	11878	5895		
SPNT	22635			7332	773017		8022522			22			
VELF	22635		0	215	1515	364	1605	485	1775	603	2035	767	2305
VELF	22635		0	931	2395	1184	2505	1411	2555	1777	2645	2169	2855
VELF	22635		0	2749	3255	3507	3775	5452	4665	7421	5275	9265	5585
VELF	22635		0	11916	5895								
SPNT	22715			7359	773589		8021702			22			
VELF	22715		0	229	1515	394	1605	465	1700	527	1865	654	2195
VELF	22715		0	755	2385	1045	2475	1411	2545	1777	2645	2169	2785
VELF	22715		0	2434	2945	3015	3385	3646	3705	4719	4515	6398	5095
VELF	22715		0	8494	5455	11967	5875						
SPNT	22795			7386	774168		8020887			22			
VELF	22795		0	215	1515	364	1595	512	1795	593	1995	768	2305
VELF	22795		0	1032	2475	1335	2555	1664	2725	2371	2945	2636	3105
VELF	22795		0	2838	3255	3154	3585	3570	3915	3886	4125	4934	4555
VELF	22795		0	6739	5155	9227	5615	12005	5935				
SPNT	22875			7412	774760		8020081			22			
VELF	22875		0	229	1525	369	1622	460	1715	551	1855	628	2075
VELF	22875		0	780	2275	1020	2415	1239	2475	1449	2565	1891	2775
VELF	22875		0	2484	3055	2825	3405	3154	3655	3406	3805	3696	3955
VELF	22875		0	4012	4055	4820	4575	5553	4815	6727	5165	8166	5465
VELF	22875		0	11916	5945								
SPNT	22955			7439	775333		8019261			22			
VELF	22955		0	202	1515	355	1598	444	1685	552	1855	633	2045
VELF	22955		0	776	2190	893	2305	1118	2405	1411	2555	1803	2725
VELF	22955		0	2030	2845	2320	2985	2547	3145	2813	3295	3141	3705
VELF	22955		0	4315	4395	5376	4795	6929	5205	8419	5505	11979	5935
SPNT	23035			7466	775912		8018446			22			
VELF	23035		0	189	1525	337	1565	458	1675	532	1830	646	2015
VELF	23035		0	808	2195	929	2335	1108	2415	1588	2555	1878	2655
VELF	23035		0	2396	2905	2636	3095	2989	3425	3722	3955	4353	4215
VELF	23035		0	4972	4595	5452	4825	6537	5125	8368	5465	11979	5905
SPNT	23115			7492	776493		8017632			22			
VELF	23115		0	189	1525	372	1609	525	1805	633	2015	785	2187
VELF	23115		0	1061	2400	1411	2495	1992	2685	2358	2855	2532	2945
VELF	23115		0	2952	3395	3583	3795	4037	4155	5388	4845	6727	5185
VELF	23115		0	8696	5545	12005	5935						
SPNT	23195			7519	777074		8016818			22			
VELF	23195		0	189	1525	303	1552	512	1765	633	2005	747	2152
VELF	23195		0	843	2265	1091	2375	1474	2465	2143	2855	2497	3005
VELF	23195		0	3090	3355	3305	3545	3810	3915	4050	4175	4694	4515
VELF	23195		0	5351	4805	6702	5245	8255	5525	11929	5965		
SPNT	23275			7546	777660		8016007			22			
VELF	23275		0	189	1515	377	1605	525	1785	646	2025	808	2215
VELF	23275		0	1108	2395	1310	2505	1512	2575	1878	2655	2106	2795
VELF	23275		0	2547	2895	2863	3175	3318	3515	4025	4195	4934	4715
VELF	23275		0	5994	4995	7232	5315	9138	5625	11954	5915		
SPNT	23355			7572	778241		8015194			22			
VELF	23355		0	175	1525	343	1580	444	1675	525	1820	636	2025
VELF	23355		0	792	2175	1071	2385	1335	2425	1462	2455	1702	2595
VELF	23355		0	2093	2755	2345	2865	2674	2975	2851	3145	3103	3435
VELF	23355		0	3810	4135	4694	4845	5717	5075	6487	5215	8292	5555
VELF	23355		0	11992	5965								
SPNT	23435			7599	778817		8014376			22			
VELF	23435		0	175	1525	283	1555	386	1619	543	1897	654	2075
VELF	23435		0	755	2225	1083	2345	1323	2435	1550	2505	1752	2605
VELF	23435		0	1954	2685	2143	2765	2345	2865	3053	3345	3558	3665
VELF	23435		0	4290	4045	5111	4705	6058	5065	8217	5505	11916	5895
SPNT	23515			7626	779394		8013560			22			
VELF	23515		0	168	1525	283	1545	354	1608	460	1715	545	1885
VELF	23515		0	628	2115	774	2215	1020	2245	1159	2275	1411	2315
VELF	23515		0	1916	2515	2421	2895	3015	3405	3633	3755	4025	4055
VELF	23515		0	4265	4255	4782	4605	5944	5085	7724	5395	11967	5835
SPNT	23595			7652	779982		8012751			22			
VELF	23595		0	175	1525	303	1555	391	1635	465	1725	559	1915
VELF	23595		0	653	2075	768	2185	1057	2315	1398	2405	1714	2505
VELF	23595		0	2169	2845	2876	3335	3103	3545	3633	4035	4252	4345
VELF	23595		0	5073	4685	6601	5035	8558	5265	11853	5615		
SPNT	23675			7679	780574		8011945			22			
VELF	23675		0	168	1525	310	1555	460	1738	535	1880	616	2010
VELF	23675		0	687	2125	778	2200	934	2282	1058	2335	1285	2375
VELF	23675		0	1601	2485	1878	2645	2623	2895	2888	3085	3457	3665
VELF	23675		0	3911	3965	4618	4495	5616	4755	6651	4945	8027	5185
VELF	23675		0	11954	5635								
SPNT	23755			7706	781143		8011122			22			
VELF	23755		0	182	1525	296	1555	452	1705	626	2025	768	2165
VELF	23755		0	923	2275	1056	2318	1234	2335	1398	2365	1664	2465
VELF	23755		0	2143	2825	2560	2975	2800	3155	3154	3365	3608	3755
VELF	23755		0	3898	4025	4694	4295	5325	4425	6601	4835	11916	5595
SPNT	23835			7732	781725		8010309			22			
VELF	23835		0	175	1525	273	1545	364	1615	451	1745	540	1915
VELF	23835		0	640	2065	805	2255	1076	2322	1373	2345	1563	2395
VELF	23835		0	1714	2455	1853	2595	2118	2745	2446	2985	2724	3285
VELF	23835		0	3154	3555	3646	3785	4202	4085	4896	4315	6575	5025
VELF	23835		0	7661	5345	11941	5825						
SPNT	23915			7759	782302		809492			22			
VELF	23915		0	189	1525	290	1555	404	1655	559	1935	714	2135
VELF	23915		0	936	2265	1253	2355	1650	2565	2005	2745	2320	2955
VELF	23915		0	2636	3145	3204	3575	3621	3895	4227	4205	5553	4805
VELF	23915		0	7030	5275	8924	5585	11916	5895				
SPNT	23995			7786	782879		808676			22			
VELF	23995		0	189	1525	258	1545	354	1600	439	1718	525	1865
VELF	23995		0	657	2075	753	2175	909	2250	1178	2365	1373	2415
VELF	23995		0	1777	2555	2080	2665	2409	2815	2712	3095	3242	3595
VELF	23995		0	3671	4025	4795	4655	5325	4785	6499	5145	7989	5445
VELF	23995		0	9732	5665	11967	5895						
SPNT	24075			7812	783457		807859			22			
VELF	24075		0	85	1521	236	1545	350	1595	438	1705	525	1905
VELF	24075		0	653	2080	808	2235	906	2235	1184	2295	1424	2385
VELF	24075		0	1987	2695	2320	2855	2686	3045	3128	3385	3545	3835
VELF	24075		0	4416	4305	5401	4765	7800	5375	11979	5875		
SPNT	24155			7839	784052		807055			22			
VELF	24155		0	182	1525	310	1565	458	1725	525	1875	633	2085
VELF	24155		0	894	2258	1025	2322	1323	2375	1710	2555	2030	2695
VELF	24155		0	2308	2845	2680	3075	3583	3735	4037	4095	4997	4495
VELF	24155		0	6462	4975	8053	5425	11941	5865				
SPNT	24235			7866	784619		806232			22			
VELF	24235		0	182	1515	283	1545	424	1685	626	2105	796	2170
VELF	24235		0	1002	2284	1260	2385	1556	2485	2017	2785	2270	2905
VELF	24235		0	2522	3025	2952	3295	3747	3805	4366	4155	5792	4805
VELF	24235		0	8015	5435	9782	5735	11929	5945				
SPNT	24315			7892	785207		805423			22			
VELF	24315		0	182	1525	323	1585	434	1695	545	1980	613	2130
VELF	24315		0	889	2225	1152	2335	1461	2485	2000	2745	2559	2985
VELF	24315		0	2976	3295	3494	3735	3974	3905	5047	4385	6563	5125
VELF	24315		0	7888	5375	9795	5725	11916	5945				
SPNT	24395			7919	785786		804608			22			
VELF	24395		0	189	1525	310	1565	418	1695	478	1815	566	2045
VELF	24395		0	889	2205	1125	2305	1360	2445	1664	2545	2169	2785
VELF	24395		0	2560	2955	3040	3335	3431	3615	5047	4295	6638	5015
VELF	24395		0	9744	5705	11992	5905						
SPNT	24475			7946	786360		803789			22			
VELF	24475		0	195	1525	328	1578	424	1695	525	1925	621	2085
VELF	24475		0	879	2215	1297	2365	1588	2555	2055	2785	2383	2935
VELF	24475		0	2646	3195	2914	3405	3797	3945	4782	4335	5199	4455
VELF	24475		0	6133	4845	7636	5255	8936	5525	11916	5895		
SPNT	24555			7972	786948		802980			22			
VELF	24555		0	195	1525	337	1585	391	1655	519	1905	620	2075
VELF	24555		0	906	2195	1165	2305	1398	2425	1967	2705	2333	2855
VELF	24555		0	2611	3015	3457	3755	4340	4245	5325	4595	6626	5055
VELF	24555		0	8595	5515	11929	5895						
SPNT	24635			7999	787526		802163			22			
VELF	24635		0	195	1525	337	1575	431	1695	565	2015	869	2202
VELF	24635		0	1125	2295	1380	2385	1664	2555	2055	2775	2333	2875
VELF	24635		0	2661	3045	2888	3235	3116	3565	3659	3975	4012	4245
VELF	24635		0	5275	4655	6550	5005	8595	5495	11916	5895		
SPNT	24715			8026	788098		801343			22			
VELF	24715		0	189	1525	316	1585	444	1725	646	2145	994	2205
VELF	24715		0	1411	2345	1840	2575	2061	2775	2320	2855	2598	3095
VELF	24715		0	3002	3425	3444	3835	4063	4205	4707	4575	5856	4935
VELF	24715		0	7484	5285	8974	5575	11992	5895				
SPNT	24795			8052	788685		80534			22			
VELF	24795		0	195	1525	323	1582	384	1645	458	1755	532	1925
VELF	24795		0	606	2045	875	2165	1003	2215	1297	2325	1499	2385
VELF	24795		0	1727	2515	2042	2705	2345	2925	2661	3055	2914	3245
VELF	24795		0	3090	3495	3356	3735	3848	4025	4290	4235	4568	4405
VELF	24795		0	5426	4745	7661	5295	9303	5615	11992	5895		
SPNT	24875			8079	789266		7999719			22			
VELF	24875		0	202	1525	323	1585	444	1745	614	2101	822	2175
VELF	24875		0	1003	2285	1347	2345	1663	2485	1798	2555	1992	2695
VELF	24875		0	2229	2855	2404	2950	2648	3165	2949	3425	3229	3655
VELF	24875		0	3886	4105	4896	4605	6159	5005	7345	5325	9189	5575
VELF	24875		0	11840	5905								
SPNT	24955			8106	789837		7998899			22			
VELF	24955		0	189	1525	323	1555	404	1655	525	1915	633	2105
VELF	24955		0	929	2232	1348	2355	1582	2435	1891	2625	2207	2845
VELF	24955		0	2633	3255	2888	3425	3154	3715	3684	4045	4568	4585
VELF	24955		0	5868	4985	6891	5245	9126	5635	11891	5925		
SPNT	25035			8132	790423		7998088			22			
VELF	25035		0	189	1525	330	1575	411	1695	559	2035	741	2205
VELF	25035		0	906	2245	1232	2325	1449	2405	1638	2475	1853	2555
VELF	25035		0	2156	2675	2472	3105	2598	3305	3040	3615	3751	4145
VELF	25035		0	4429	4445	7017	5235	8896	5635	11960	5945		
SPNT	25115			8159	790995		7997268			22			
VELF	25115		0	175	1535	276	1545	384	1635	426	1745	530	2005
VELF	25115		0	667	2112	906	2235	1260	2295	1468	2415	1697	2525
VELF	25115		0	1916	2605	2169	2735	2320	2945	2535	3135	3053	3635
VELF	25115		0	3677	4115	4366	4395	5136	4605	6702	4995	8570	5455
VELF	25115		0	11941	5835								
SPNT	25195			8186	791580		7996457			22			
VELF	25195		0	175	1535	283	1565	444	1745	539	1995	881	2215
VELF	25195		0	1171	2255	1414	2415	1717	2565	1892	2695	2131	2845
VELF	25195		0	2636	3105	3065	3645	3583	3985	4820	4445	5363	4665
VELF	25195		0	7093	5245	8552	5565	11987	5945				
SPNT	25275			8212	792166		7995647			22			
VELF	25275		0	175	1535	290	1575	377	1675	489	1855	576	2080
VELF	25275		0	906	2205	1058	2225	1323	2305	1657	2535	1891	2665
VELF	25275		0	2106	2775	2446	3015	2863	3445	3154	3685	3936	4175
VELF	25275		0	4959	4595	6436	5105	7813	5495	9391	5745	12005	5965
SPNT	25355			8239	792743		7994830			22			
VELF	25355		0	168	1535	290	1565	384	1705	489	1855	603	2055
VELF	25355		0	906	2185	1234	2265	1525	2425	1815	2515	2030	2645
VELF	25355		0	2244	2835	2396	2975	2620	3345	2989	3605	3318	3855
VELF	25355		0	3760	4115	4277	4345	5401	4865	7762	5485	9214	5725
VELF	25355		0	11954	5975								
SPNT	25435			8266	793318		7994011			22			
VELF	25435		0	162	1535	256	1565	323	1632	431	1745	525	1845
VELF	25435		0	633	2015	881	2235	1192	2325	1455	2435	1853	2585
VELF	25435		0	2156	2855	2497	3095	2989	3635	3835	4155	4770	4535
VELF	25435		0	6297	5065	8280	5525	11941	6015				
SPNT	25515			8292	793901		7993199			22			
VELF	25515		0	155	1535	242	1565	424	1755	572	2115	909	2265
VELF	25515		0	1239	2345	1563	2455	1853	2635	2194	2815	2459	3125
VELF	25515		0	2712	3345	2939	3495	3507	4045	4770	4755	6108	5075
VELF	25515		0	7876	5545	11929	6085						
SPNT	25595			8319	794480		7992383			22			
VELF	25595		0	155	1535	269	1575	426	1775	505	1915	586	2098
VELF	25595		0	864	2225	1209	2295	1487	2435	1840	2635	2106	2795
VELF	25595		0	2371	3035	2762	3405	3090	3665	3696	4155	4568	4665
VELF	25595		0	5654	5005	7068	5315	8507	5595	11941	6035		
SPNT	25675			8346	795061		7991570			22			
VELF	25675		0	114	1535	269	1575	431	1775	572	2035	887	2233
VELF	25675		0	1070	2255	1260	2325	1563	2475	1777	2585	2055	2765
VELF	25675		0	2358	3025	2775	3465	3659	4065	4517	4555	5565	4905
VELF	25675		0	7118	5285	11967	6025						
SPNT	25755			8372	795643		7990757			22			
VELF	25755		0	155	1535	278	1602	424	1765	539	1975	868	2205
VELF	25755		0	1184	2305	1386	2405	1575	2505	1866	2645	2093	2815
VELF	25755		0	2396	3055	2737	3375	3482	3875	4088	4295	5464	4955
VELF	25755		0	6689	5135	8633	5465	11941	5915				
SPNT	25835			8399	796219		7989939			22			
VELF	25835		0	121	1535	256	1595	376	1695	578	2065	868	2195
VELF	25835		0	1070	2245	1247	2295	1601	2485	1840	2615	2068	2795
VELF	25835		0	2383	3025	2876	3475	3138	3665	3797	4035	5603	4915
VELF	25835		0	6866	5215	8242	5435	10085	5665	11992	5865		
SPNT	25915			8426	796797		7989123			22			
VELF	25915		0	148	1535	256	1575	404	1745	492	1910	586	2110
VELF	25915		0	848	2200	1146	2275	1461	2425	1828	2625	2080	2845
VELF	25915		0	2522	3125	3154	3715	3684	4005	4328	4325	5755	4955
VELF	25915		0	7371	5385	9643	5695	11979	5905				
SPNT	25995			8452	797383		7988313			22			
VELF	25995		0	121	1535	242	1575	404	1765	559	2105	831	2187
VELF	25995		0	1051	2255	1260	2305	1569	2495	1798	2675	2143	2835
VELF	25995		0	2282	2975	2800	3455	3570	3955	4959	4565	6032	4805
VELF	25995		0	7888	5325	12005	5835						
SPNT	26075			8479	797967		7987502			22			
VELF	26075		0	168	1545	283	1605	439	1815	565	2075	830	2195
VELF	26075		0	1035	2275	1285	2335	1512	2445	1676	2605	2080	2815
VELF	26075		0	2358	3065	2813	3375	3053	3495	3330	3645	3722	3885
VELF	26075		0	5641	4665	7560	5195	9479	5515	11941	5805		
SPNT	26155			8506	798538		7986681			22			
VELF	26155		0	162	1535	263	1585	451	1835	559	2085	856	2235
VELF	26155		0	1035	2291	1347	2405	1495	2485	1778	2615	2042	2775
VELF	26155		0	2320	3055	2737	3465	3141	3715	3532	3945	4593	4395
VELF	26155		0	5679	4785	7055	5205	10654	5745	11954	5875		
SPNT	26235			8532	799126		7985871			22			
VELF	26235		0	148	1535	283	1605	426	1805	566	2065	856	2225
VELF	26235		0	1184	2335	1436	2445	1739	2605	1992	2795	2181	2905
VELF	26235		0	2686	3365	3053	3675	3507	3905	4353	4415	5906	4985
VELF	26235		0	8356	5435	11954	5845						
SPNT	26315			8559	799701		7985053			22			
VELF	26315		0	155	1535	303	1715	431	1935	572	2125	881	2225
VELF	26315		0	1108	2275	1323	2375	1702	2595	1941	2745	2257	2945
VELF	26315		0	2712	3405	3078	3635	3911	4215	5111	4735	6398	5125
VELF	26315		0	8886	5505	11954	5855						
SPNT	26395			8586	8286		7984242			22			
VELF	26395		0	141	1535	236	1625	370	1845	505	2035	704	2155
VELF	26395		0	893	2245	1083	2255	1272	2315	1758	2625	1980	2755
VELF	26395		0	2244	2905	2484	3185	2686	3415	3217	3735	3532	3975
VELF	26395		0	4290	4385	6095	5005	7598	5315	11954	5855		
SPNT	26475			8612	8864		7983426			22			
VELF	26475		0	135	1535	222	1635	377	1915	578	2075	780	2185
VELF	26475		0	1083	2255	1601	2445	1777	2655	2194	2805	2611	3335
VELF	26475		0	3166	3635	3468	3905	3722	4055	4517	4475	5590	4895
VELF	26475		0	7939	5355	11992	5875						
SPNT	26555			8639	81450		7982616			22			
VELF	26555		0	155	1535	242	1655	384	1925	540	2065	805	2185
VELF	26555		0	1070	2265	1285	2315	1563	2445	1717	2585	1933	2735
VELF	26555		0	2257	2895	2585	3335	3027	3645	3861	4105	5717	4985
VELF	26555		0	7257	5255	9517	5555	11979	5865				
SPNT	26635			8666	82026		7981797			22			
VELF	26635		0	141	1525	222	1645	337	1845	527	2055	818	2205
VELF	26635		0	1095	2275	1361	2385	1550	2525	1815	2685	2080	2835
VELF	26635		0	2522	3275	3040	3675	4101	4265	5767	4985	9138	5555
VELF	26635		0	11992	5885								
SPNT	26715			8692	82606		7980983			22			
VELF	26715		0	141	1525	236	1635	391	1845	590	2065	830	2225
VELF	26715		0	1133	2305	1638	2575	2042	2885	2539	3365	2952	3675
VELF	26715		0	3532	3965	4782	4705	6537	5365	8015	5685	11967	6115
SPNT	26795			8719	83185		7980168			22			
VELF	26795		0	128	1535	229	1635	397	1865	606	2075	881	2205
VELF	26795		0	1159	2315	1512	2505	1941	2785	2276	3055	2997	3725
VELF	26795		0	3621	4195	4340	4575	6209	5305	8065	5675	11904	6135
SPNT	26875			8746	83762		7979351			22			
VELF	26875		0	141	1535	212	1632	384	1865	641	2095	818	2175
VELF	26875		0	1171	2275	1702	2665	2068	2875	2560	3405	3229	3975
VELF	26875		0	4366	4595	5464	5115	6626	5445	8116	5675	11954	6125
SPNT	26955			8772	84348		7978541			22			
VELF	26955		0	121	1535	236	1655	388	1845	641	2095	881	2275
VELF	26955		0	1196	2325	1525	2485	1878	2715	2320	3105	2472	3215
VELF	26955		0	2724	3485	3090	3905	4012	4395	4441	4635	6499	5405
VELF	26955		0	8583	5735	11954	6115						
SPNT	27035			8799	84930		7977727			22			
VELF	27035		0	141	1535	207	1625	316	1775	405	1935	557	2115
VELF	27035		0	733	2235	1011	2315	1251	2385	1693	2645	1882	2715
VELF	27035		0	2084	2865	2222	3125	2413	3295	2640	3525	3271	3915
VELF	27035		0	3928	4275	4875	4795	6529	5385	11895	6125		
SPNT	27115			8826	85506		7976910			22			
VELF	27115		0	141	1535	229	1635	364	1835	443	2045	683	2225
VELF	27115		0	834	2275	1049	2325	1314	2425	1579	2545	1882	2805
VELF	27115		0	2438	3495	3069	3945	4079	4455	5051	4915	6971	5525
VELF	27115		0	11895	6135								
SPNT	27195			8852	86094		7976101			22			
VELF	27195		0	148	1535	269	1695	411	1925	519	2105	657	2235
VELF	27195		0	882	2315	1150	2395	1440	2495	1677	2645	1920	2735
VELF	27195		0	2097	2855	2362	3255	2653	3455	3208	3905	4622	4605
VELF	27195		0	5860	5115	7387	5575	11958	6135				
SPNT	27275			8879	86667		7975281			22			
VELF	27275		0	148	1535	263	1695	342	1825	465	2025	700	2195
VELF	27275		0	1036	2345	1390	2485	1655	2635	1983	2825	2147	2925
VELF	27275		0	2362	3275	2703	3595	3082	3895	3991	4335	4887	4805
VELF	27275		0	5973	5185	7829	5615	11971	6115				
SPNT	27355			8906	87245		7974465			22			
VELF	27355		0	155	1535	242	1685	380	1905	519	2065	822	2255
VELF	27355		0	1150	2425	1440	2455	1642	2535	1882	2695	2299	3045
VELF	27355		0	2602	3375	2918	3685	3599	4165	4837	4875	6718	5425
VELF	27355		0	9092	5805	11971	6095						
SPNT	27435			8932	87834		7973657			22			
VELF	27435		0	135	1535	249	1695	367	1875	468	2015	721	2205
VELF	27435		0	1087	2405	1415	2485	1668	2605	1958	2775	2324	3055
VELF	27435		0	3077	3815	3912	4405	4925	4925	5796	5275	7312	5595
VELF	27435		0	9155	5815	11971	6085						
SPNT	27515			8959	88403		7972835			22			
VELF	27515		0	121	1535	209	1645	392	1925	481	2055	759	2195
VELF	27515		0	1087	2345	1516	2465	1655	2595	1933	2705	2202	2915
VELF	27515		0	2463	3115	2968	3535	3877	4245	4723	4775	7173	5565
VELF	27515		0	9433	5815	11908	6085						
SPNT	27595			8986	88987		7972023			22			
VELF	27595		0	141	1535	337	1825	451	1995	695	2175	923	2275
VELF	27595		0	1213	2345	1516	2475	1857	2715	2211	2915	2539	3225
VELF	27595		0	3019	3685	3953	4415	4748	4895	7173	5495	11908	6085
SPNT	27675			9012	89568		7971209			22			
VELF	27675		0	141	1535	355	1815	449	1978	721	2155	910	2285
VELF	27675		0	1390	2415	1617	2545	1870	2765	2615	3285	2867	3555
VELF	27675		0	3473	3985	4774	4795	7246	5495	9496	5805	11920	6085
SPNT	27755			9039	810142		7970390			22			
VELF	27755		0	148	1535	291	1845	531	2025	721	2175	1099	2375
VELF	27755		0	1339	2445	1541	2515	1857	2685	2059	2775	2425	3245
VELF	27755		0	2968	3735	3587	4205	4862	4805	6238	5225	7236	5455
VELF	27755		0	9105	5805	11908	6095						
SPNT	27835			9066	810722		7969576			22			
VELF	27835		0	141	1535	195	1605	357	1895	485	2075	708	2195
VELF	27835		0	1087	2365	1567	2535	1983	2745	2400	3185	3094	3795
VELF	27835		0	3789	4185	4774	4795	6314	5245	7728	5555	9433	5835
VELF	27835		0	11980	6135								
SPNT	27915			9092	811287		7968750			22			
VELF	27915		0	135	1545	209	1615	384	1915	670	2195	1062	2385
VELF	27915		0	1314	2455	1554	2535	1832	2715	2021	2805	2387	3185
VELF	27915		0	2791	3595	3726	4215	4673	4805	6264	5245	7211	5435
VELF	27915		0	11983	6065								
SPNT	27995			9119	811881		7967946			22			
VELF	27995		0	135	1545	209	1605	323	1845	418	1995	694	2255
VELF	27995		0	1036	2325	1466	2495	1844	2705	2236	3195	2741	3575
VELF	27995		0	3271	3935	4546	4705	6314	5305	8296	5645	11933	6055
SPNT	28075			9146	812453		7967125			22			
VELF	28075		0	135	1535	263	1695	361	1895	451	2085	712	2261
VELF	28075		0	1024	2345	1339	2445	1706	2555	1912	2707	2160	2905
VELF	28075		0	2312	3195	2703	3555	4319	4575	5620	5115	6855	5425
VELF	28075		0	8536	5695	11945	6045						
SPNT	28155			9172	813032		7966310			22			
VELF	28155		0	128	1535	209	1615	367	1885	468	2095	733	2255
VELF	28155		0	1150	2395	1567	2535	1794	2685	2009	2785	2312	3205
VELF	28155		0	3111	3715	4193	4505	5683	5215	7046	5495	8700	5715
VELF	28155		0	11908	6045								
SPNT	28235			9199	813614		7965497			22			
VELF	28235		0	128	1535	249	1715	392	1885	493	2035	695	2185
VELF	28235		0	1024	2335	1276	2465	1592	2545	1791	2655	2059	2775
VELF	28235		0	2514	3185	2766	3395	3334	3835	4016	4375	5367	4945
VELF	28235		0	6529	5295	8019	5555	9534	5795	11945	5995		
SPNT	28315			9226	814189		7964679			22			
VELF	28315		0	121	1535	207	1645	276	1735	380	1885	443	1995
VELF	28315		0	695	2085	1276	2435	1529	2525	2034	2795	2444	3165
VELF	28315		0	3158	3725	3966	4395	4786	4875	6478	5375	7880	5605
VELF	28315		0	9837	5835	11933	6035						
SPNT	28395			9252	814771		7963866			22			
VELF	28395		0	135	1535	367	1915	645	2065	1175	2455	1592	2585
VELF	28395		0	1807	2765	2248	3045	2627	3365	2892	3575	3132	3775
VELF	28395		0	3827	4295	4546	4765	6099	5405	7425	5615	11933	6055
SPNT	28475			9279	815353		7963052			22			
VELF	28475		0	141	1535	192	1678	392	1915	721	2145	961	2335
VELF	28475		0	1327	2505	1605	2625	1882	2795	2135	2985	2425	3185
VELF	28475		0	3006	3715	3738	4235	4711	4835	5834	5315	8801	5785
VELF	28475		0	11908	6035								
SPNT	28555			9306	815931		7962236			22			
VELF	28555		0	128	1535	229	1655	380	1895	632	2095	973	2415
VELF	28555		0	1327	2485	1655	2585	2135	2955	2476	3255	2981	3815
VELF	28555		0	3675	4365	4950	5055	6440	5445	8271	5715	11933	6055
SPNT	28635			9332	816514		7961424			22			
VELF	28635		0	141	1535	217	1665	329	1915	456	2015	670	2115
VELF	28635		0	910	2305	1415	2485	1680	2585	1983	2855	2198	3145
VELF	28635		0	2875	3665	3625	4175	4887	4885	6390	5385	8233	5735
VELF	28635		0	11908	6055								
SPNT	28795			9386	817668		7959791			22			
VELF	28795		0	131	1580	187	1648	333	1910	434	2065	616	2220
VELF	28795		0	1010	2475	1852	2720	3037	3370	4263	3880	5051	4132
VELF	28795		0	8465	5062	9845	5370	11987	5860				
