CONT	PGS A	SIA P										
LINE	NWS07	-23_P										
AREA	North	West										
INFO	DATUM	WGS8										
COM1	2040p	gsnws										
SPNT	3516		956	699172		8275513			23			
VELF	3516	0	3953	1500	4085	1500	4242	1515	4351	1525	4443	1545
VELF	3516	0	4645	1610	4772	1660	5038	1740	5242	1967	5488	2170
VELF	3516	0	5768	2380	6091	2615	6659	2920	6971	3050	7394	3235
VELF	3516	0	8960	3695	10242	3995	11949	4380				
SPNT	3596		983	699725		8274680			23			
VELF	3596	0	3929	1495	4202	1515	4341	1525	4418	1545	4651	1585
VELF	3596	0	4826	1675	5028	1765	5217	1845	5412	1985	5675	2125
VELF	3596	0	6092	2325	6846	2985	7432	3325	8456	3845	10826	4525
VELF	3596	0	11978	4745								
SPNT	3676		1009	7281		8273849			23			
VELF	3676	0	3848	1493	4040	1505	4207	1525	4314	1535	4465	1565
VELF	3676	0	4678	1615	4900	1745	5156	1905	5365	1995	5742	2115
VELF	3676	0	6139	2365	6638	2705	7331	3305	8974	4075	10436	4575
VELF	3676	0	11980	4915								
SPNT	3756		1036	7834		8273015			23			
VELF	3756	0	3818	1495	4126	1515	4267	1525	4490	1585	4678	1625
VELF	3756	0	4960	1760	5230	1865	5513	1985	5830	2115	6139	2325
VELF	3756	0	6429	2585	7069	3145	7547	3425	7998	3635	8941	4065
VELF	3756	0	10281	4525	11931	4885						
SPNT	3836		1063	71382		8272179			23			
VELF	3836	0	3848	1498	4061	1500	4276	1530	4505	1605	4665	1615
VELF	3836	0	4880	1695	5071	1790	5331	1925	5547	2005	5809	2105
VELF	3836	0	6086	2285	6631	2785	7291	3385	7688	3635	8934	4165
VELF	3836	0	10061	4535	11973	4905						
SPNT	3916		1089	71945		8271352			23			
VELF	3916	0	3877	1485	4111	1510	4343	1540	4604	1615	4806	1685
VELF	3916	0	5001	1765	5271	1805	5614	1975	5783	2105	6530	2685
VELF	3916	0	6988	3125	7661	3635	8308	3965	9513	4345	11958	4895
SPNT	3996		1116	72498		8270519			23			
VELF	3996	0	3897	1485	4101	1510	4308	1535	4604	1595	4914	1695
VELF	3996	0	5156	1785	5358	1855	5554	1975	5809	2125	6180	2395
VELF	3996	0	6624	2795	6947	3085	7688	3605	9230	4315	10846	4685
VELF	3996	0	11964	4885								
SPNT	4076		1143	73056		8269689			23			
VELF	4076	0	3926	1485	4112	1505	4537	1575	4725	1615	5008	1685
VELF	4076	0	5176	1725	5358	1825	5574	1915	5870	2165	6139	2405
VELF	4076	0	6543	2805	7035	3235	8099	3855	9055	4255	10328	4575
VELF	4076	0	11971	4895								
SPNT	4156		1169	73607		8268855			23			
VELF	4156	0	4232	1495	4441	1528	4677	1585	4929	1660	5172	1765
VELF	4156	0	5378	1825	5560	1985	5742	2175	5985	2335	6476	2735
VELF	4156	0	7197	3395	7749	3715	8698	4145	9884	4485	11951	4915
SPNT	4236		1196	74161		8268022			23			
VELF	4236	0	4301	1485	4436	1505	4658	1575	4894	1605	5055	1675
VELF	4236	0	5291	1785	5554	1995	5836	2205	6092	2415	6463	2705
VELF	4236	0	6887	3165	7143	3345	8429	4105	9116	4365	9742	4525
VELF	4236	0	11964	4955								
SPNT	4316		1223	74725		8267197			23			
VELF	4316	0	4455	1495	4737	1520	4968	1585	5304	1735	5439	1835
VELF	4316	0	5682	2085	5944	2415	6213	2815	6646	3185	7318	3645
VELF	4316	0	8449	4205	9661	4505	10900	4765	11971	4905		
SPNT	4396		1249	75275		8266361			23			
VELF	4396	0	4543	1485	4799	1515	4941	1575	5150	1635	5257	1735
VELF	4396	0	5419	1845	5749	2205	6025	2405	6227	2655	6651	3155
VELF	4396	0	7170	3545	8469	4185	9971	4575	11971	4935		
SPNT	4476		1276	75822		8265524			23			
VELF	4476	0	4515	1490	4793	1535	5042	1615	5318	1735	5444	1817
VELF	4476	0	5580	1975	5836	2215	6126	2455	6416	2925	6739	3195
VELF	4476	0	7150	3555	8355	4115	9621	4505	11931	4945		
SPNT	4556		1303	76380		8264694			23			
VELF	4556	0	4119	1485	4374	1505	4658	1565	4941	1675	5199	1785
VELF	4556	0	5466	1925	5643	2105	5991	2305	6449	2895	6820	3215
VELF	4556	0	7479	3685	8005	3915	9277	4345	11978	4915		
SPNT	4636		1329	76935		8263862			23			
VELF	4636	0	3822	1495	4027	1505	4153	1505	4313	1535	4510	1575
VELF	4636	0	4651	1625	4867	1725	5183	1885	5493	2015	5614	2115
VELF	4636	0	5931	2385	6200	2745	6496	2975	7190	3485	8382	4075
VELF	4636	0	9722	4515	11971	4905						
SPNT	4716		1356	77498		8263036			23			
VELF	4716	0	3762	1485	3897	1495	4126	1525	4442	1555	4774	1735
VELF	4716	0	5176	1915	5399	2035	5769	2275	6173	2645	6537	3135
VELF	4716	0	7311	3735	8510	4235	9576	4560	12000	5025		
SPNT	4796		1383	78056		8262206			23			
VELF	4796	0	3717	1495	3949	1505	4182	1540	4429	1625	4597	1655
VELF	4796	0	4761	1715	4956	1825	5069	1885	5331	2005	5459	2085
VELF	4796	0	5857	2365	6119	2605	6772	3305	7311	3705	8577	4285
VELF	4796	0	9650	4635	11973	5065						
SPNT	4876		1409	78610		8261373			23			
VELF	4876	0	3702	1485	4045	1515	4288	1585	4456	1655	4752	1735
VELF	4876	0	5082	1905	5257	2025	5634	2345	5897	2495	6126	2755
VELF	4876	0	6442	3145	6907	3495	7594	3845	8779	4365	10099	4765
VELF	4876	0	11953	5105								
SPNT	4956		1436	79165		8260542			23			
VELF	4956	0	3628	1485	3944	1515	4104	1537	4321	1605	4505	1655
VELF	4956	0	4671	1725	4808	1800	4974	1885	5150	1975	5345	2135
VELF	4956	0	5607	2335	5931	2585	6101	2785	6537	3205	7089	3545
VELF	4956	0	8146	4115	9453	4555	11937	5045				
SPNT	5036		1463	79721		8259710			23			
VELF	5036	0	3540	1485	3655	1495	3870	1515	4126	1545	4341	1595
VELF	5036	0	4517	1665	4732	1755	4921	1825	5082	1885	5237	1955
VELF	5036	0	5385	2085	5621	2295	6052	2705	6247	2905	6510	3125
VELF	5036	0	7365	3705	9486	4465	11964	4955				
SPNT	5116		1489	710280		8258881			23			
VELF	5116	0	3525	1495	3677	1500	3929	1525	4079	1525	4335	1605
VELF	5116	0	4550	1685	4692	1755	4859	1815	5109	1935	5325	2055
VELF	5116	0	5540	2205	5836	2485	6092	2665	6456	2965	7345	3625
VELF	5116	0	8772	4285	10362	4665	11985	4965				
SPNT	5196		1516	710835		8258049			23			
VELF	5196	0	3522	1485	3848	1515	4072	1535	4172	1560	4308	1605
VELF	5196	0	4517	1655	4671	1705	4907	1845	5109	1965	5271	2045
VELF	5196	0	5392	2125	5634	2255	5998	2615	6483	2985	6772	3285
VELF	5196	0	7102	3525	7897	3915	9358	4495	11964	4975		
SPNT	5276		1543	711392		8257219			23			
VELF	5276	0	3478	1493	3729	1505	3892	1533	4180	1585	4530	1665
VELF	5276	0	4665	1725	4772	1785	5001	1865	5156	1975	5405	2095
VELF	5276	0	5756	2355	5991	2665	6517	3185	7129	3555	8907	4355
VELF	5276	0	10321	4725	11978	4995						
SPNT	5356		1569	711944		8256385			23			
VELF	5356	0	3453	1485	3601	1495	3960	1545	4212	1590	4395	1645
VELF	5356	0	4631	1715	4968	1855	5251	1975	5378	2045	5614	2275
VELF	5356	0	5890	2475	6510	3055	7123	3325	7453	3565	8517	4165
VELF	5356	0	10187	4595	11964	4925						
SPNT	5436		1596	712509		8255559			23			
VELF	5436	0	3432	1485	3594	1495	3943	1548	4173	1595	4362	1635
VELF	5436	0	4556	1715	4788	1805	5001	1895	5217	2005	5560	2195
VELF	5436	0	5715	2255	6038	2605	6416	2865	6671	3005	7008	3185
VELF	5436	0	8025	3895	9776	4485	11985	4935				
SPNT	5516		1623	713065		8254729			23			
VELF	5516	0	3378	1485	3560	1505	3788	1535	4059	1585	4301	1615
VELF	5516	0	4651	1705	4806	1795	5109	1905	5365	2075	5533	2175
VELF	5516	0	5661	2255	5857	2465	6086	2665	6712	3065	7358	3465
VELF	5516	0	8240	3975	9479	4385	10442	4645	11971	4975		
SPNT	5596		1649	713618		8253896			23			
VELF	5596	0	3365	1485	3549	1503	3695	1525	4125	1597	4416	1675
VELF	5596	0	4611	1735	4820	1805	5035	1915	5230	2005	5506	2125
VELF	5596	0	5695	2235	5917	2505	6126	2715	7257	3475	8005	3925
VELF	5596	0	8705	4195	9803	4505	11964	5005				
SPNT	5676		1676	714170		8253062			23			
VELF	5676	0	3325	1485	3576	1505	3859	1550	3951	1575	4160	1595
VELF	5676	0	4436	1665	4717	1785	4862	1835	5089	1935	5432	2155
VELF	5676	0	5567	2255	5964	2595	6335	2915	7203	3535	7850	3915
VELF	5676	0	10247	4675	11971	5025						
SPNT	5756		1703	714733		8252236			23			
VELF	5756	0	3298	1485	3572	1509	3818	1550	4079	1585	4355	1665
VELF	5756	0	4505	1705	4644	1775	4853	1855	5017	1935	5230	2065
VELF	5756	0	5446	2205	5607	2325	5791	2425	5917	2585	6139	2845
VELF	5756	0	6564	3145	6954	3485	7729	3915	8995	4345	10086	4685
VELF	5756	0	11939	5035								
SPNT	5836		1729	715282		8251400			23			
VELF	5836	0	3277	1485	3473	1495	3675	1525	3816	1555	3931	1585
VELF	5836	0	4010	1585	4222	1635	4395	1685	4685	1765	4887	1875
VELF	5836	0	5190	2035	5426	2165	5803	2405	6166	2735	6429	3045
VELF	5836	0	6927	3435	8341	4255	10296	4765	11973	5065		
SPNT	5916		1756	715839		8250570			23			
VELF	5916	0	3244	1485	3473	1495	3655	1525	3924	1585	4119	1645
VELF	5916	0	4355	1705	4557	1765	4732	1835	5008	1965	5230	2055
VELF	5916	0	5486	2235	5816	2515	6032	2725	6732	3375	7655	3895
VELF	5916	0	8247	4165	9082	4445	10020	4735	11960	5085		
SPNT	5996		1783	716411		8249748			23			
VELF	5996	0	3217	1485	3485	1510	3737	1545	3910	1595	4153	1635
VELF	5996	0	4409	1715	4618	1765	4786	1835	4934	1925	5197	2025
VELF	5996	0	5352	2215	5500	2415	5682	2655	6018	2965	6550	3445
VELF	5996	0	7439	3835	9082	4405	10059	4635	11964	5005		
SPNT	6076		1809	716957		8248911			23			
VELF	6076	0	3217	1485	3378	1495	3567	1515	3917	1585	4152	1625
VELF	6076	0	4402	1695	4604	1835	4826	1925	5001	1995	5331	2155
VELF	6076	0	5560	2445	6247	3205	6768	3615	7405	3945	8375	4275
VELF	6076	0	10694	4885	11973	5115						
SPNT	6156		1836	717514		8248081			23			
VELF	6156	0	3217	1485	3479	1505	3727	1545	3931	1585	4160	1645
VELF	6156	0	4395	1755	4604	1875	4921	2095	5251	2335	5486	2505
VELF	6156	0	5742	2705	6018	2955	6530	3275	7378	3805	8119	4125
VELF	6156	0	9554	4535	11958	4995						
SPNT	6236		1863	718072		8247251			23			
VELF	6236	0	3158	1485	3358	1495	3695	1545	3919	1580	4160	1645
VELF	6236	0	4395	1805	4813	1975	5190	2205	5587	2545	6018	2925
VELF	6236	0	6611	3435	7978	4095	9931	4645	11944	5005		
SPNT	6316		1889	718622		8246416			23			
VELF	6316	0	3138	1485	3367	1495	3616	1540	3879	1580	4131	1655
VELF	6316	0	4323	1745	4503	1945	4712	1985	4873	2065	5176	2225
VELF	6316	0	5601	2605	6059	3035	7082	3705	8261	4245	9493	4575
VELF	6316	0	10564	4765	11971	5025						
SPNT	6396		1916	719185		8245590			23			
VELF	6396	0	3118	1485	3424	1505	3594	1545	3749	1565	4146	1625
VELF	6396	0	4308	1715	4517	1845	4806	1995	5055	2145	5513	2575
VELF	6396	0	6200	2915	6483	3085	6820	3395	7574	3925	8604	4385
VELF	6396	0	9735	4655	11971	5025						
SPNT	6476		1943	719741		8244758			23			
VELF	6476	0	3156	1485	3338	1505	3513	1505	3675	1545	3843	1585
VELF	6476	0	4193	1655	4301	1685	4577	1925	4867	2125	5109	2305
VELF	6476	0	5392	2455	5715	2625	5944	2795	6207	2975	6577	3325
VELF	6476	0	7075	3695	8126	4235	8853	4435	11987	5125		
SPNT	6556		1969	720290		8243922			23			
VELF	6556	0	3143	1485	3426	1505	3574	1545	3836	1585	4072	1625
VELF	6556	0	4247	1675	4543	1875	4887	2145	5230	2485	5533	2705
VELF	6556	0	6153	3035	6611	3445	7958	4105	9015	4525	11980	5135
SPNT	6636		1996	720853		8243096			23			
VELF	6636	0	3131	1495	3394	1510	3560	1535	3756	1565	3971	1625
VELF	6636	0	4139	1675	4308	1745	4498	1835	4719	1945	4900	2055
VELF	6636	0	5257	2465	5924	2805	6187	3095	6442	3315	7190	3795
VELF	6636	0	8227	4215	9621	4715	11960	5135				
SPNT	6716		2023	721407		8242263			23			
VELF	6716	0	3098	1485	3358	1505	3614	1555	3850	1605	3998	1625
VELF	6716	0	4247	1665	4463	1825	4678	1915	4934	2035	5150	2205
VELF	6716	0	5547	2485	5971	2905	6658	3385	7540	3905	8658	4305
VELF	6716	0	9978	4595	11978	4975						
SPNT	6796		2049	721963		8241432			23			
VELF	6796	0	3051	1485	3345	1505	3628	1575	3889	1615	4207	1715
VELF	6796	0	4313	1755	4577	1875	4732	1975	4961	2075	5163	2245
VELF	6796	0	5520	2445	5836	2645	6281	3145	6685	3405	7084	3675
VELF	6796	0	7493	3895	9022	4405	10503	4735	11964	5005		
SPNT	6876		2076	722517		8240599			23			
VELF	6876	0	3022	1485	3264	1505	3412	1525	3574	1575	3798	1600
VELF	6876	0	4005	1665	4173	1715	4301	1765	4456	1875	4543	1925
VELF	6876	0	4739	2035	4981	2125	5116	2185	5365	2335	5695	2625
VELF	6876	0	6166	3005	6416	3275	6685	3475	7527	3975	8968	4405
VELF	6876	0	11951	5055								
SPNT	6956		2103	723071		8239767			23			
VELF	6956	0	2995	1495	3190	1495	3405	1545	3747	1600	3978	1645
VELF	6956	0	4187	1715	4402	1805	4719	2085	4934	2155	5244	2355
VELF	6956	0	5475	2525	5884	2765	6341	3055	6961	3545	7708	3885
VELF	6956	0	8995	4425	10045	4695	11958	5025				
SPNT	7036		2129	723626		8238935			23			
VELF	7036	0	2954	1485	3224	1515	3352	1545	3493	1565	3707	1610
VELF	7036	0	3985	1685	4213	1745	4294	1805	4476	2005	4759	2055
VELF	7036	0	4907	2135	5176	2295	5547	2555	5958	2775	6550	3205
VELF	7036	0	7096	3575	7971	4015	8961	4365	11964	4955		
SPNT	7116		2156	724180		8238102			23			
VELF	7116	0	2934	1485	3192	1515	3465	1575	3708	1625	3884	1645
VELF	7116	0	4133	1735	4274	1815	4422	1965	4745	2115	4947	2185
VELF	7116	0	5183	2335	5385	2525	5742	2745	6449	3125	6873	3435
VELF	7116	0	7311	3685	8328	4195	9311	4425	10719	4725	11978	4915
SPNT	7196		2183	724739		8237272			23			
VELF	7196	0	2873	1485	3082	1495	3244	1535	3475	1595	3648	1625
VELF	7196	0	3951	1695	4121	1740	4267	1795	4490	2015	4759	2075
VELF	7196	0	5089	2195	5277	2355	5897	2875	6550	3235	6900	3555
VELF	7196	0	7486	3895	8543	4255	10099	4605	11978	4905		
SPNT	7276		2209	725286		8236436			23			
VELF	7276	0	2860	1485	3121	1510	3354	1565	3520	1625	3857	1675
VELF	7276	0	3985	1735	4240	1825	4476	2005	4793	2145	4988	2285
VELF	7276	0	5222	2470	5513	2675	5991	2945	6900	3535	7897	4045
VELF	7276	0	9069	4385	10335	4635	11991	4905				
SPNT	7356		2236	725842		8235604			23			
VELF	7356	0	2799	1485	3062	1495	3256	1541	3419	1595	3566	1645
VELF	7356	0	3818	1690	4052	1755	4234	1845	4389	1965	4586	2065
VELF	7356	0	4745	2185	4988	2335	5264	2535	5796	2835	6550	3475
VELF	7356	0	7217	3855	8213	4175	9560	4565	11971	5015		
SPNT	7436		2263	726401		8234775			23			
VELF	7436	0	2752	1485	2980	1505	3102	1515	3298	1565	3426	1625
VELF	7436	0	3636	1675	3944	1765	4213	1835	4395	1975	4732	2175
VELF	7436	0	5042	2345	5352	2575	5917	2935	6961	3605	8220	4225
VELF	7436	0	9751	4685	11993	5095						
SPNT	7516		2289	726953		8233942			23			
VELF	7516	0	2727	1489	2929	1500	3239	1555	3358	1605	3589	1675
VELF	7516	0	3822	1719	4135	1815	4422	1995	4644	2095	4848	2255
VELF	7516	0	5210	2535	5506	2685	5749	2825	6227	3115	6934	3625
VELF	7516	0	7749	4125	9762	4665	11971	5085				
SPNT	7596		2316	727513		8233113			23			
VELF	7596	0	2698	1485	2949	1500	3096	1535	3224	1565	3459	1665
VELF	7596	0	3675	1715	3971	1795	4187	1855	4436	1965	4671	2225
VELF	7596	0	5055	2435	5358	2625	5830	2845	6335	3155	7378	3885
VELF	7596	0	8820	4455	11991	5115						
SPNT	7676		2343	728065		8232279			23			
VELF	7676	0	2675	1490	2880	1505	3109	1555	3244	1585	3372	1645
VELF	7676	0	3554	1695	3884	1765	4126	1845	4355	2015	4604	2095
VELF	7676	0	4867	2255	5042	2375	5291	2625	5823	2895	6402	3215
VELF	7676	0	6954	3595	7715	3965	9358	4595	11978	5115		
SPNT	7756		2369	728621		8231448			23			
VELF	7756	0	2636	1495	2900	1505	3055	1545	3203	1595	3385	1665
VELF	7756	0	3789	1775	3998	1845	4160	1925	4234	1995	4348	2095
VELF	7756	0	4604	2195	4887	2325	5082	2455	5446	2725	5985	2945
VELF	7756	0	6947	3565	7688	3995	9668	4625	11971	5115		
SPNT	7836		2396	729177		8230616			23			
VELF	7836	0	2589	1491	2806	1505	3069	1565	3190	1595	3298	1635
VELF	7836	0	3405	1705	3626	1757	3884	1835	4180	1955	4375	2075
VELF	7836	0	4597	2215	4833	2285	5001	2395	5318	2615	5594	2765
VELF	7836	0	6207	3115	7055	3625	7931	4085	9540	4615	11985	5095
SPNT	7916		2423	729729		8229782			23			
VELF	7916	0	2535	1495	2739	1495	2980	1540	3170	1595	3277	1645
VELF	7916	0	3372	1715	3594	1745	3722	1795	4079	1905	4247	2005
VELF	7916	0	4503	2135	4732	2255	4968	2385	5466	2715	6032	3145
VELF	7916	0	7163	3855	7843	4155	9156	4585	11944	5115		
SPNT	7996		2449	730283		8228950			23			
VELF	7996	0	2503	1485	2747	1505	2983	1550	3172	1605	3424	1741
VELF	7996	0	3708	1795	3899	1865	4088	1935	4288	2085	4584	2225
VELF	7996	0	4813	2345	5069	2475	5358	2715	5910	3065	6375	3415
VELF	7996	0	7257	3885	8065	4195	9116	4615	11980	5185		
SPNT	8076		2476	730841		8228120			23			
VELF	8076	0	2449	1485	2714	1505	2990	1550	3143	1615	3345	1695
VELF	8076	0	3737	1825	4047	1935	4397	2125	4597	2225	5015	2435
VELF	8076	0	5358	2695	6335	3345	7264	3835	7985	4215	8752	4465
VELF	8076	0	10065	4865	11973	5205						
SPNT	8156		2503	731391		8227285			23			
VELF	8156	0	2402	1485	2712	1515	2894	1545	3030	1585	3199	1655
VELF	8156	0	3426	1745	3729	1835	4051	1925	4180	1995	4283	2075
VELF	8156	0	4523	2225	4840	2305	5210	2485	5675	2885	6220	3295
VELF	8156	0	6806	3645	7843	4175	8793	4485	9836	4795	11973	5175
SPNT	8236		2529	731951		8226456			23			
VELF	8236	0	2375	1485	2678	1505	2840	1545	3096	1625	3291	1735
VELF	8236	0	3684	1815	3899	1895	4086	1975	4274	2095	4550	2195
VELF	8236	0	5028	2395	5183	2525	5668	2845	5978	3155	6759	3665
VELF	8236	0	8543	4375	9515	4675	11978	5145				
SPNT	8316		2556	732505		8225624			23			
VELF	8316	0	2352	1485	2675	1515	2836	1545	2998	1605	3129	1645
VELF	8316	0	3392	1755	3665	1825	4038	1945	4271	2095	4594	2255
VELF	8316	0	4917	2395	5210	2615	5473	2795	5745	3055	6543	3515
VELF	8316	0	7574	3925	8532	4355	9301	4575	12000	5065		
SPNT	8396		2583	733065		8224795			23			
VELF	8396	0	2331	1485	2705	1525	2947	1585	3170	1685	3362	1745
VELF	8396	0	3695	1815	4038	1935	4222	2050	4465	2175	4756	2295
VELF	8396	0	5038	2495	5483	2845	6160	3285	6705	3615	7554	4095
VELF	8396	0	9655	4625	12000	5060						
SPNT	8476		2609	733620		8223964			23			
VELF	8476	0	2321	1485	2675	1515	2788	1539	2917	1575	3049	1625
VELF	8476	0	3266	1729	3533	1765	3836	1905	4059	1975	4271	2115
VELF	8476	0	4493	2215	5392	2685	6564	3455	7118	3815	7776	4095
VELF	8476	0	9119	4595	11988	5135						
SPNT	8556		2636	734171		8223129			23			
VELF	8556	0	2301	1485	2695	1525	2958	1585	3251	1735	3556	1805
VELF	8556	0	3816	1895	4038	1995	4271	2115	4473	2215	4806	2385
VELF	8556	0	5139	2565	5503	2765	6079	3225	6725	3475	7786	4065
VELF	8556	0	9414	4595	12000	5050						
SPNT	8636		2663	734727		8222298			23			
VELF	8636	0	2271	1485	2634	1515	2862	1569	3028	1645	3232	1731
VELF	8636	0	3552	1815	3808	1885	4018	1955	4271	2085	4533	2205
VELF	8636	0	4756	2355	5099	2545	5473	2775	5887	3075	6372	3445
VELF	8636	0	7059	3855	7644	4105	9414	4610	11990	5065		
SPNT	8716		2689	735285		8221468			23			
VELF	8716	0	2283	1490	2495	1510	2646	1525	2909	1585	3071	1655
VELF	8716	0	3273	1745	3556	1825	3768	1875	3909	1945	4172	2055
VELF	8716	0	4404	2175	4626	2265	5253	2745	5747	2970	6131	3225
VELF	8716	0	6859	3675	7828	4225	9566	4665	11980	5075		
SPNT	8796		2716	735841		8220637			23			
VELF	8796	0	2253	1491	2444	1510	2636	1525	2879	1575	2980	1625
VELF	8796	0	3081	1665	3293	1755	3606	1825	3909	1925	3998	1965
VELF	8796	0	4232	2105	4515	2215	4848	2415	5172	2655	5606	2885
VELF	8796	0	6253	3295	6949	3675	7869	4175	9576	4665	11990	5105
SPNT	8876		2743	736392		8219802			23			
VELF	8876	0	2236	1485	2485	1505	2640	1525	2828	1565	2943	1625
VELF	8876	0	3081	1665	3273	1725	3414	1785	3556	1825	3677	1840
VELF	8876	0	3859	1935	4121	2035	4364	2165	4545	2285	4798	2415
VELF	8876	0	5131	2635	5545	2815	5798	2975	6535	3515	7162	3835
VELF	8876	0	7808	4175	9354	4645	12000	5105				
SPNT	8956		2769	736959		8218978			23			
VELF	8956	0	2222	1485	2475	1510	2616	1525	2747	1555	2899	1600
VELF	8956	0	3091	1675	3273	1735	3455	1835	3707	1855	3869	1915
VELF	8956	0	4054	1995	4222	2065	4404	2205	4747	2355	5111	2515
VELF	8956	0	5283	2735	5626	2825	5889	3035	6455	3455	7343	4065
VELF	8956	0	9333	4725	11946	5185						
SPNT	9036		2796	737508		8218143			23			
VELF	9036	0	2222	1495	2475	1510	2747	1545	2929	1615	3232	1745
VELF	9036	0	3525	1820	3848	1935	4131	2015	4323	2115	4606	2305
VELF	9036	0	5111	2505	5364	2715	5687	2945	6273	3355	6939	3795
VELF	9036	0	8020	4375	9596	4865	11980	5225				
SPNT	9116		2823	738063		8217311			23			
VELF	9116	0	2202	1489	2495	1500	2758	1555	2919	1625	3131	1695
VELF	9116	0	3374	1775	3707	1875	3919	1945	4192	2055	4434	2235
VELF	9116	0	4626	2305	4848	2445	5101	2535	5485	2795	5737	2945
VELF	9116	0	6434	3485	7030	3945	7970	4365	9515	4865	11949	5245
SPNT	9196		2849	738618		8216479			23			
VELF	9196	0	2192	1495	2515	1510	2808	1585	2970	1640	3162	1715
VELF	9196	0	3475	1795	3707	1865	3879	1935	4131	2045	4404	2195
VELF	9196	0	4616	2325	4838	2535	5172	2745	5444	2885	5808	3125
VELF	9196	0	6303	3365	7010	3875	7606	4245	9081	4655	10249	4915
VELF	9196	0	11987	5175								
SPNT	9276		2876	739179		8215651			23			
VELF	9276	0	2172	1491	2552	1523	2808	1585	3121	1725	3455	1815
VELF	9276	0	3687	1865	3949	1935	4182	2105	4384	2205	4667	2365
VELF	9276	0	5030	2605	5434	2905	5929	3225	6465	3585	7101	3975
VELF	9276	0	8364	4545	9172	4765	10101	4955	11949	5225		
SPNT	9356		2903	739736		8214820			23			
VELF	9356	0	2148	1485	2394	1505	2626	1535	2838	1595	3131	1715
VELF	9356	0	3434	1795	3646	1840	3848	1935	4182	2075	4343	2165
VELF	9356	0	4606	2315	4828	2465	5152	2655	5646	3015	6162	3355
VELF	9356	0	6828	3865	7899	4405	10141	4965	11980	5245		
SPNT	9436		2929	740287		8213986			23			
VELF	9436	0	2131	1491	2340	1503	2576	1535	2747	1575	2889	1645
VELF	9436	0	3111	1705	3327	1759	3566	1815	3828	1885	4141	2025
VELF	9436	0	4313	2155	4636	2325	4818	2485	5303	2715	5616	2955
VELF	9436	0	6576	3675	7737	4325	8808	4625	10101	4905	11980	5205
SPNT	9516		2956	740848		8213158			23			
VELF	9516	0	2121	1485	2364	1510	2556	1525	2818	1595	3030	1645
VELF	9516	0	3364	1765	3626	1835	3899	1950	4232	2105	4596	2285
VELF	9516	0	4808	2405	5192	2655	5515	2875	6182	3355	6859	3835
VELF	9516	0	7899	4365	9838	4885	11980	5205				
SPNT	9596		2983	741398		8212323			23			
VELF	9596	0	2101	1491	2352	1500	2525	1525	2616	1555	2778	1585
VELF	9596	0	3051	1685	3374	1765	3687	1855	3960	1945	4141	2025
VELF	9596	0	4303	2115	4495	2225	4737	2325	5030	2545	5232	2705
VELF	9596	0	5505	3005	6424	3735	7495	4205	8232	4485	10131	4915
VELF	9596	0	11960	5205								
SPNT	9676		3009	741958		8211494			23			
VELF	9676	0	2091	1490	2354	1505	2545	1535	2798	1595	2980	1665
VELF	9676	0	3394	1785	3717	1865	3929	1985	4172	2105	4404	2255
VELF	9676	0	4667	2425	4939	2645	5525	2985	6283	3545	8000	4375
VELF	9676	0	9869	4895	12000	5285						
SPNT	9756		3036	742513		8210662			23			
VELF	9756	0	2079	1490	2261	1500	2515	1525	2687	1565	2889	1625
VELF	9756	0	3091	1705	3364	1765	3687	1845	3960	2005	4222	2150
VELF	9756	0	4434	2280	4687	2455	5091	2685	5485	2915	6051	3315
VELF	9756	0	6646	3755	7424	4175	8869	4665	10152	4965	11949	5235
SPNT	9836		3063	743060		829825			23			
VELF	9836	0	2061	1485	2293	1505	2515	1525	2626	1575	2899	1640
VELF	9836	0	3121	1745	3313	1785	3545	1845	3747	1915	3909	1985
VELF	9836	0	4141	2105	4350	2225	4606	2365	4859	2515	5455	2875
VELF	9836	0	6010	3195	6424	3535	7131	3995	8354	4445	9586	4835
VELF	9836	0	11980	5205								
SPNT	9916		3089	743621		828997			23			
VELF	9916	0	2061	1485	2242	1495	2556	1545	2707	1595	2879	1650
VELF	9916	0	3061	1725	3242	1775	3424	1835	3717	1915	3939	2015
VELF	9916	0	4253	2115	4384	2265	4596	2395	4828	2495	5178	2755
VELF	9916	0	5848	3145	6576	3625	7061	3925	7677	4245	8495	4555
VELF	9916	0	10131	4925	11970	5215						
SPNT	9996		3116	744177		828166			23			
VELF	9996	0	2020	1485	2242	1500	2414	1525	2727	1605	2838	1630
VELF	9996	0	3051	1735	3394	1835	3717	1935	3899	2025	4172	2125
VELF	9996	0	4337	2275	4616	2445	4808	2575	5141	2765	5556	2975
VELF	9996	0	6172	3405	6717	3785	7949	4365	8929	4675	10313	4985
VELF	9996	0	11960	5255								
SPNT	10076		3143	744729		827332			23			
VELF	10076	0	2013	1485	2192	1495	2404	1525	2586	1565	2859	1650
VELF	10076	0	3017	1735	3263	1805	3428	1855	3677	1905	3859	2005
VELF	10076	0	4061	2105	4256	2195	4391	2285	4586	2415	4788	2525
VELF	10076	0	5232	2785	5859	3385	6566	3755	7172	4065	7798	4325
VELF	10076	0	8727	4665	10114	5005	11987	5295				
SPNT	10156		3169	745284		826501			23			
VELF	10156	0	1966	1485	2212	1505	2384	1535	2606	1585	2838	1665
VELF	10156	0	3061	1755	3394	1825	3687	1915	3889	2015	4121	2135
VELF	10156	0	4313	2275	4566	2405	4747	2565	5182	2805	5556	3045
VELF	10156	0	6091	3375	6909	3955	7636	4345	8222	4535	8939	4705
VELF	10156	0	10088	4975	11960	5275						
SPNT	10236		3196	745835		825666			23			
VELF	10236	0	1939	1485	2162	1505	2354	1530	2549	1575	2694	1635
VELF	10236	0	2949	1735	3152	1800	3394	1875	3717	1955	4071	2165
VELF	10236	0	4253	2285	4758	2575	5172	2805	5697	3135	6778	3845
VELF	10236	0	7737	4295	8576	4605	10212	4895	11990	5145		
SPNT	10316		3223	746401		824842			23			
VELF	10316	0	1912	1485	2212	1520	2444	1555	2646	1635	2828	1685
VELF	10316	0	2949	1755	3205	1825	3465	1875	3697	1965	3919	2045
VELF	10316	0	4293	2245	4556	2465	4899	2665	5727	3105	6192	3445
VELF	10316	0	7000	3895	7778	4255	9091	4635	10778	4945	11970	5125
SPNT	10396		3249	746954		824008			23			
VELF	10396	0	1899	1485	2121	1510	2394	1555	2525	1589	2677	1665
VELF	10396	0	2899	1765	3293	1845	3455	1905	3778	2045	4091	2195
VELF	10396	0	4313	2295	4545	2505	4798	2735	5071	2845	5384	3005
VELF	10396	0	5657	3135	5926	3335	6515	3745	7677	4245	8646	4505
VELF	10396	0	10030	4835	11949	5135						
SPNT	10476		3276	747512		823179			23			
VELF	10476	0	1865	1485	2121	1515	2333	1535	2535	1600	2717	1675
VELF	10476	0	2939	1765	3162	1855	3374	1915	3677	2015	3929	2085
VELF	10476	0	4152	2195	4424	2325	4593	2485	4869	2765	5384	3085
VELF	10476	0	5808	3275	6414	3685	7111	4055	7657	4265	9364	4735
VELF	10476	0	11960	5155								
SPNT	10556		3303	748068		822347			23			
VELF	10556	0	1838	1485	2093	1515	2273	1535	2481	1593	2778	1705
VELF	10556	0	2919	1795	3242	1885	3455	1935	3646	1995	3949	2135
VELF	10556	0	4162	2285	4414	2425	4646	2535	4808	2695	5162	2835
VELF	10556	0	5667	3145	6636	3815	7747	4185	8788	4595	10192	4915
VELF	10556	0	11939	5165								
SPNT	10636		3329	748619		821513			23			
VELF	10636	0	1838	1495	2101	1515	2364	1555	2556	1625	2758	1715
VELF	10636	0	2939	1785	3172	1865	3475	1925	3687	2015	3859	2115
VELF	10636	0	4182	2285	4330	2375	4657	2585	4960	2775	5222	2955
VELF	10636	0	5576	3105	6131	3465	6788	3855	7747	4225	8455	4465
VELF	10636	0	9838	4835	11899	5165						
SPNT	10716		3356	749177		82683			23			
VELF	10716	0	1795	1495	2030	1510	2212	1535	2455	1595	2596	1665
VELF	10716	0	2758	1725	2929	1810	3101	1845	3394	1925	3707	2015
VELF	10716	0	4051	2185	4350	2375	4657	2595	4949	2745	5515	3015
VELF	10716	0	5929	3305	6869	3855	7667	4295	8495	4605	9444	4855
VELF	10716	0	11939	5255								
SPNT	10796		3383	749732		8199851			23			
VELF	10796	0	1778	1485	2051	1510	2242	1545	2404	1605	2717	1715
VELF	10796	0	2889	1815	3111	1865	3384	1945	3650	2035	3909	2125
VELF	10796	0	4131	2275	4414	2435	4667	2615	4939	2835	5434	3055
VELF	10796	0	5899	3295	6919	3905	8111	4515	8606	4665	10141	5025
VELF	10796	0	11973	5275								
SPNT	10876		3409	750281		8199015			23			
VELF	10876	0	1737	1485	1990	1510	2182	1535	2303	1575	2566	1675
VELF	10876	0	2855	1770	3098	1870	3313	1930	3488	1965	3737	2070
VELF	10876	0	4034	2190	4155	2345	4572	2595	4943	2785	5333	3015
VELF	10876	0	5973	3420	6653	3750	7710	4250	8552	4525	10350	4945
VELF	10876	0	11960	5185								
SPNT	10956		3436	750839		8198186			23			
VELF	10956	0	1727	1490	1949	1500	2108	1525	2209	1555	2384	1600
VELF	10956	0	2539	1685	2667	1740	2875	1855	3162	1900	3306	1925
VELF	10956	0	3461	1990	3684	2075	3879	2135	4047	2210	4202	2300
VELF	10956	0	4539	2565	4734	2695	4983	2875	5320	3040	6101	3530
VELF	10956	0	6774	3830	7717	4240	8646	4555	10458	4960	11987	5195
SPNT	11036		3463	751391		8197352			23			
VELF	11036	0	1690	1485	1818	1505	2088	1525	2249	1580	2498	1670
VELF	11036	0	2700	1745	2828	1830	3111	1880	3313	1935	3481	1980
VELF	11036	0	3636	2030	3953	2145	4141	2280	4418	2475	4687	2680
VELF	11036	0	5051	2880	5556	3115	6128	3500	6869	3825	7899	4265
VELF	11036	0	9441	4735	10552	4980	11987	5185				
SPNT	11116		3489	751940		8196516			23			
VELF	11116	0	1677	1485	1912	1500	2162	1545	2330	1600	2525	1695
VELF	11116	0	2660	1740	2808	1835	3084	1890	3347	1985	3556	2025
VELF	11116	0	3697	2105	3906	2190	4101	2265	4404	2485	4707	2720
VELF	11116	0	4882	2810	5131	2970	5912	3375	6694	3805	7387	4130
VELF	11116	0	8141	4420	9643	4815	11980	5190				
SPNT	11196		3516	752502		8195688			23			
VELF	11196	0	1643	1485	1859	1505	2101	1540	2236	1590	2357	1625
VELF	11196	0	2525	1715	2673	1745	2822	1830	2997	1900	3266	1960
VELF	11196	0	3428	1995	3684	2115	3872	2205	4148	2375	4391	2510
VELF	11196	0	4687	2695	5199	3015	5886	3350	6633	3795	7939	4365
VELF	11196	0	9448	4785	11953	5190						
SPNT	11276		3543	753067		8194863			23			
VELF	11276	0	1636	1485	1879	1505	2101	1545	2229	1590	2374	1630
VELF	11276	0	2545	1720	2667	1755	2828	1845	3024	1885	3192	1960
VELF	11276	0	3384	1995	3542	2045	3670	2120	3808	2175	4020	2285
VELF	11276	0	4229	2420	4465	2600	4687	2785	4848	2880	5172	3040
VELF	11276	0	5468	3230	6020	3570	6626	3915	7434	4255	7987	4450
VELF	11276	0	8734	4650	9421	4810	11926	5180				
SPNT	11356		3569	753614		8194026			23			
VELF	11356	0	1606	1485	1811	1503	2094	1535	2222	1590	2330	1620
VELF	11356	0	2492	1700	2667	1770	2859	1855	3138	1930	3360	1995
VELF	11356	0	3589	2085	3852	2215	4088	2345	4310	2475	4458	2570
VELF	11356	0	4667	2740	4818	2845	5401	3195	5650	3355	6007	3615
VELF	11356	0	6707	3990	7616	4330	8290	4550	9488	4840	11966	5260
SPNT	11436		3596	754172		8193196			23			
VELF	11436	0	1586	1485	1798	1505	2051	1545	2195	1600	2384	1660
VELF	11436	0	2505	1730	2673	1785	2862	1890	3145	1975	3327	2005
VELF	11436	0	3542	2075	3811	2200	4081	2315	4323	2525	4495	2665
VELF	11436	0	4828	2865	5354	3135	5710	3375	6391	3780	6855	4075
VELF	11436	0	7657	4420	9401	4900	11966	5300				
SPNT	11516		3623	754733		8192369			23			
VELF	11516	0	1534	1485	1805	1505	1970	1533	2066	1555	2228	1615
VELF	11516	0	2362	1655	2551	1745	2768	1840	2963	1905	3232	1995
VELF	11516	0	3407	2035	3588	2115	4032	2355	4335	2575	4746	2845
VELF	11516	0	5123	3135	5965	3575	6921	4115	8524	4715	9859	5025
VELF	11516	0	11946	5355								
SPNT	11596		3649	755290		8191538			23			
VELF	11596	0	1525	1495	1788	1510	2039	1555	2207	1615	2349	1655
VELF	11596	0	2571	1765	2807	1875	3002	1905	3224	1995	3374	2045
VELF	11596	0	3601	2135	3891	2275	4091	2410	4322	2525	4558	2695
VELF	11596	0	4780	2835	5177	3085	5689	3475	6308	3815	7480	4405
VELF	11596	0	8921	4855	11973	5365						
SPNT	11676		3676	755846		8190707			23			
VELF	11676	0	1480	1485	1776	1515	1939	1535	2174	1615	2349	1665
VELF	11676	0	2665	1815	2780	1905	3076	1955	3224	2005	3393	2045
VELF	11676	0	3696	2165	3857	2265	4066	2395	4315	2545	4483	2675
VELF	11676	0	4719	2835	5177	3095	5702	3405	6228	3705	7116	4185
VELF	11676	0	7884	4475	9925	4975	11972	5285				
SPNT	11756		3703	756404		8189877			23			
VELF	11756	0	1460	1485	1756	1505	1919	1540	2046	1565	2174	1615
VELF	11756	0	2333	1665	2477	1755	2626	1815	2798	1905	3056	1985
VELF	11756	0	3211	2015	3399	2045	3595	2145	3770	2205	3884	2275
VELF	11756	0	4046	2365	4329	2535	4517	2745	5116	3065	6369	3795
VELF	11756	0	7009	4095	7931	4445	9581	4885	11978	5295		
SPNT	11836		3729	756959		8189045			23			
VELF	11836	0	1448	1485	1717	1510	1896	1535	2032	1575	2329	1675
VELF	11836	0	2450	1765	2584	1815	2764	1925	3036	2015	3359	2065
VELF	11836	0	3465	2129	3636	2185	3869	2330	4066	2475	4269	2565
VELF	11836	0	4424	2695	4686	2895	5177	3165	5803	3535	6746	3995
VELF	11836	0	7871	4345	9285	4695	11972	5165				
SPNT	11916		3756	757515		8188213			23			
VELF	11916	0	1414	1495	1677	1510	2005	1575	2111	1615	2255	1655
VELF	11916	0	2490	1805	2626	1825	2798	1950	3061	2005	3263	2055
VELF	11916	0	3465	2135	3675	2205	3972	2385	4234	2545	4571	2805
VELF	11916	0	5076	2975	5756	3435	6551	3895	7541	4245	8638	4515
VELF	11916	0	10268	4855	11992	5125						
SPNT	11996		3783	758072		8187384			23			
VELF	11996	0	1394	1495	1660	1513	1875	1547	2012	1585	2140	1635
VELF	11996	0	2268	1665	2404	1765	2566	1839	2706	1905	2881	1965
VELF	11996	0	3116	2005	3339	2095	3655	2225	3978	2395	4201	2525
VELF	11996	0	4544	2765	5009	2985	5749	3435	6490	3805	7372	4185
VELF	11996	0	8571	4575	10201	4905	11972	5145				
SPNT	12076		3809	758630		8186553			23			
VELF	12076	0	1379	1485	1669	1505	1859	1545	2039	1595	2174	1655
VELF	12076	0	2308	1695	2444	1825	2632	1885	2726	1955	2834	1985
VELF	12076	0	2982	2015	3352	2105	3527	2185	3669	2255	3938	2385
VELF	12076	0	4207	2555	4322	2695	4497	2785	5036	2965	5763	3365
VELF	12076	0	6436	3825	7709	4375	10100	4965	11972	5215		
SPNT	12156		3836	759186		8185722			23			
VELF	12156	0	1364	1495	1657	1515	1891	1555	2061	1615	2174	1685
VELF	12156	0	2308	1725	2457	1845	2632	1895	2867	2035	3157	2075
VELF	12156	0	3345	2115	3581	2205	3918	2365	4127	2485	4302	2665
VELF	12156	0	4463	2765	4982	2985	5231	3155	5749	3445	6517	3925
VELF	12156	0	7224	4305	7931	4575	10040	5025	11985	5305		
SPNT	12236		3863	759732		8184884			23			
VELF	12236	0	1318	1495	1586	1515	1810	1545	1970	1595	2093	1665
VELF	12236	0	2253	1720	2434	1840	2584	1915	2848	2020	3143	2115
VELF	12236	0	3386	2185	3581	2255	3776	2375	4120	2545	4268	2685
VELF	12236	0	4465	2835	4901	3015	5359	3285	6483	4015	7393	4445
VELF	12236	0	8221	4675	10081	5045	11973	5325				
SPNT	12316		3889	760293		8184057			23			
VELF	12316	0	1303	1497	1581	1515	1702	1535	1824	1555	1990	1610
VELF	12316	0	2106	1665	2308	1755	2531	1905	2727	2000	3056	2075
VELF	12316	0	3372	2195	3677	2335	3898	2485	4100	2565	4389	2755
VELF	12316	0	4827	3035	5116	3245	5810	3725	6470	4085	7446	4485
VELF	12316	0	8645	4775	11958	5305						
SPNT	12396		3916	760854		8183229			23			
VELF	12396	0	1271	1485	1525	1515	1717	1540	1879	1580	2051	1655
VELF	12396	0	2174	1725	2423	1865	2692	1995	2827	2065	3076	2085
VELF	12396	0	3278	2175	3487	2255	3702	2365	3911	2495	4133	2655
VELF	12396	0	4470	2825	4766	3015	4975	3165	6140	3905	7399	4375
VELF	12396	0	8774	4825	11973	5365						
SPNT	12476		3943	761409		8182397			23			
VELF	12476	0	1246	1495	1485	1515	1727	1555	1909	1610	2113	1715
VELF	12476	0	2253	1780	2424	1895	2677	2020	3090	2125	3305	2205
VELF	12476	0	3495	2280	3844	2435	4086	2585	4370	2795	4807	3125
VELF	12476	0	5036	3275	5696	3685	6396	4005	7399	4365	8470	4645
VELF	12476	0	9958	4945	11958	5285						
SPNT	12556		3969	761967		8181567			23			
VELF	12556	0	1224	1485	1495	1520	1747	1570	1909	1625	2101	1715
VELF	12556	0	2333	1855	2477	1955	2625	2015	2881	2085	3076	2125
VELF	12556	0	3352	2225	3616	2345	3844	2435	4026	2575	4329	2755
VELF	12556	0	4719	2975	5595	3505	6275	3905	7399	4355	8632	4645
VELF	12556	0	11972	5235								
SPNT	12636		3996	762511		8180728			23			
VELF	12636	0	1204	1485	1433	1515	1635	1555	1869	1625	2030	1715
VELF	12636	0	2234	1835	2414	1935	2611	2065	2737	2105	3056	2175
VELF	12636	0	3238	2235	3581	2335	3805	2485	4019	2615	4362	2915
VELF	12636	0	4672	3035	5211	3275	5776	3625	6369	3955	7406	4335
VELF	12636	0	8894	4715	10228	4935	11992	5225				
SPNT	12716		4023	763072		8179900			23			
VELF	12716	0	1172	1495	1384	1515	1636	1570	1859	1645	2073	1755
VELF	12716	0	2275	1895	2436	1955	2726	2075	3076	2215	3271	2245
VELF	12716	0	3514	2335	3763	2495	4019	2665	4342	2815	4719	3025
VELF	12716	0	5231	3315	5877	3675	6483	4005	7850	4435	8517	4625
VELF	12716	0	9844	4875	11978	5185						
SPNT	12796		4049	763626		8179067			23			
VELF	12796	0	1165	1500	1339	1515	1576	1563	1770	1615	1891	1675
VELF	12796	0	2059	1795	2221	1875	2416	1975	2591	2095	2815	2125
VELF	12796	0	3015	2175	3222	2225	3514	2325	3702	2475	3857	2555
VELF	12796	0	4005	2615	4335	2835	4618	2955	5130	3295	6214	3865
VELF	12796	0	7318	4285	8470	4605	10376	4965	11965	5185		
SPNT	12876		4076	764183		8178237			23			
VELF	12876	0	1137	1485	1345	1525	1535	1560	1747	1625	1904	1735
VELF	12876	0	2093	1825	2201	1885	2416	1995	2625	2105	2793	2145
VELF	12876	0	3076	2215	3305	2275	3446	2355	3622	2495	3898	2605
VELF	12876	0	4295	2835	4571	2955	5143	3205	5810	3585	6611	4005
VELF	12876	0	8180	4525	10140	4905	11992	5175				
SPNT	12956		4103	764734		8177403			23			
VELF	12956	0	1110	1485	1293	1515	1446	1535	1709	1625	1884	1735
VELF	12956	0	2053	1825	2241	1905	2396	1995	2571	2085	2753	2135
VELF	12956	0	3029	2235	3177	2285	3424	2365	3702	2565	4012	2745
VELF	12956	0	4308	2915	4578	3075	4989	3215	5635	3535	6510	4075
VELF	12956	0	7372	4365	8066	4615	10093	5005	11958	5285		
SPNT	13036		4129	765285		8176568			23			
VELF	13036	0	1090	1485	1313	1525	1505	1560	1682	1615	1877	1745
VELF	13036	0	2030	1820	2214	1935	2354	2000	2556	2120	2808	2185
VELF	13036	0	2995	2235	3258	2305	3433	2395	3723	2545	3871	2655
VELF	13036	0	4113	2815	4531	3065	5164	3325	5608	3505	6544	4055
VELF	13036	0	8046	4675	9069	4885	9990	5015	11960	5275		
SPNT	13116		4156	765840		8175736			23			
VELF	13116	0	1063	1485	1285	1525	1576	1585	1723	1655	1877	1785
VELF	13116	0	2071	1880	2202	1970	2342	2045	2524	2135	2712	2185
VELF	13116	0	3002	2245	3204	2305	3399	2385	3662	2495	3817	2595
VELF	13116	0	4053	2775	4470	2985	5083	3305	5595	3555	6409	4005
VELF	13116	0	7002	4295	8046	4625	8995	4885	11978	5345		
SPNT	13196		4183	766399		8174907			23			
VELF	13196	0	1049	1485	1303	1530	1525	1575	1697	1655	1877	1795
VELF	13196	0	2053	1875	2268	1995	2470	2095	2780	2165	2975	2255
VELF	13196	0	3150	2315	3500	2365	3648	2465	3958	2685	4329	2915
VELF	13196	0	4867	3205	5420	3485	6376	4015	7884	4585	9541	4965
VELF	13196	0	11990	5365								
SPNT	13276		4209	766945		8174069			23			
VELF	13276	0	1034	1503	1209	1521	1446	1565	1601	1625	1817	1775
VELF	13276	0	2005	1895	2201	1985	2382	2075	2517	2155	2854	2265
VELF	13276	0	2980	2325	3253	2420	3495	2505	3709	2625	3978	2755
VELF	13276	0	4322	2965	4840	3225	5359	3515	6106	3955	7527	4525
VELF	13276	0	8591	4815	9500	4975	11980	5375				
SPNT	13356		4236	767505		8173241			23			
VELF	13356	0	1010	1500	1242	1535	1455	1575	1589	1645	1798	1775
VELF	13356	0	2000	1905	2168	1965	2296	2075	2673	2195	3097	2305
VELF	13356	0	3225	2365	3582	2515	3778	2710	4006	2815	4397	3025
VELF	13356	0	4956	3285	5596	3645	7629	4515	8478	4825	9424	5055
VELF	13356	0	11966	5425								
SPNT	13436		4263	768055		8172405			23			
VELF	13436	0	993	1501	1172	1525	1424	1575	1606	1675	1818	1815
VELF	13436	0	2000	1935	2182	2025	2478	2185	2747	2255	3003	2345
VELF	13436	0	3212	2425	3441	2495	3646	2645	3953	2825	4417	3065
VELF	13436	0	5070	3375	5858	3785	7104	4315	8323	4655	9784	5015
VELF	13436	0	11973	5305								
SPNT	13516		4289	768623		8171582			23			
VELF	13516	0	990	1505	1212	1535	1394	1585	1525	1665	1697	1770
VELF	13516	0	1879	1875	2006	1965	2107	2005	2283	2115	2451	2205
VELF	13516	0	2835	2275	3023	2325	3279	2405	3522	2505	3771	2715
VELF	13516	0	3953	2825	4431	3085	5017	3345	6121	3945	7151	4375
VELF	13516	0	8350	4695	11979	5285						
SPNT	13596		4316	769178		8170750			23			
VELF	13596	0	960	1503	1131	1519	1286	1565	1434	1635	1596	1740
VELF	13596	0	1798	1875	2020	2010	2229	2115	2397	2245	2626	2275
VELF	13596	0	2909	2345	3212	2395	3434	2485	3623	2585	3791	2675
VELF	13596	0	4067	2855	4410	3085	4902	3365	5589	3735	7131	4485
VELF	13596	0	8182	4775	10565	5155	11939	5345				
SPNT	13676		4343	769730		8169917			23			
VELF	13676	0	956	1505	1152	1525	1313	1580	1455	1665	1562	1795
VELF	13676	0	1758	1870	1953	1975	2215	2085	2414	2195	2639	2265
VELF	13676	0	3003	2355	3266	2425	3555	2575	3804	2815	4336	3105
VELF	13676	0	4916	3455	5710	3885	6552	4275	7131	4505	8862	4915
VELF	13676	0	11959	5375								
SPNT	13756		4369	770285		8169085			23			
VELF	13756	0	933	1505	1091	1523	1283	1573	1401	1658	1545	1755
VELF	13756	0	1707	1850	1926	2015	2215	2175	2424	2275	2633	2335
VELF	13756	0	2841	2375	3023	2435	3286	2515	3656	2635	3892	2765
VELF	13756	0	4269	2995	4788	3365	5602	3855	6350	4215	7158	4465
VELF	13756	0	8060	4715	9697	5075	11980	5385				
SPNT	13836		4396	770839		8168252			23			
VELF	13836	0	922	1485	1104	1525	1286	1575	1447	1705	1549	1795
VELF	13836	0	1690	1865	2051	2055	2215	2145	2377	2205	2579	2235
VELF	13836	0	2767	2275	3030	2365	3400	2515	3926	2875	4296	3105
VELF	13836	0	4653	3355	5569	3975	7030	4425	7946	4645	9508	4945
VELF	13836	0	11959	5305								
SPNT	13916		4423	771396		8167422			23			
VELF	13916	0	906	1501	1040	1515	1246	1585	1326	1645	1421	1715
VELF	13916	0	1589	1795	1703	1865	1865	1995	2094	2135	2256	2195
VELF	13916	0	2370	2285	2552	2305	2794	2385	3178	2485	3481	2625
VELF	13916	0	3744	2825	4242	3125	4868	3445	5602	3915	6889	4365
VELF	13916	0	7939	4645	9683	4985	11959	5295				
SPNT	13996		4449	771956		8166593			23			
VELF	13996	0	889	1495	1101	1530	1259	1605	1384	1695	1562	1805
VELF	13996	0	1784	1925	1973	2035	2242	2245	2552	2305	2909	2395
VELF	13996	0	3178	2495	3515	2635	3744	2805	3973	2925	4229	3095
VELF	13996	0	4788	3405	5656	3875	6956	4385	7892	4615	10080	5045
VELF	13996	0	11959	5315								
SPNT	14076		4476	772517		8165766			23			
VELF	14076	0	886	1503	1000	1508	1111	1538	1252	1615	1444	1745
VELF	14076	0	1596	1855	1872	1995	2101	2125	2350	2235	2572	2275
VELF	14076	0	2828	2375	3111	2435	3272	2525	3549	2685	3764	2815
VELF	14076	0	4006	2975	4357	3165	4862	3445	5717	3845	6889	4155
VELF	14076	0	8040	4545	9609	4905	11986	5295				
SPNT	14156		4503	773070		8164932			23			
VELF	14156	0	879	1495	1040	1520	1182	1575	1313	1685	1465	1780
VELF	14156	0	1636	1870	1798	1970	1966	2075	2162	2195	2354	2285
VELF	14156	0	2660	2315	3003	2405	3259	2495	3461	2595	3676	2755
VELF	14156	0	3932	2875	4208	3075	4828	3495	5360	3735	6626	4185
VELF	14156	0	8754	4775	10511	5115	11946	5305				
SPNT	14236		4529	773618		8164096			23			
VELF	14236	0	865	1505	993	1515	1202	1595	1306	1685	1575	1875
VELF	14236	0	1717	1925	1892	2045	2128	2185	2545	2325	2855	2375
VELF	14236	0	3104	2435	3313	2525	3535	2645	3717	2735	3953	2875
VELF	14236	0	4296	3125	4788	3475	5717	3865	6788	4245	8067	4595
VELF	14236	0	9481	4925	11966	5295						
SPNT	14316		4556	774173		8163263			23			
VELF	14316	0	848	1495	1020	1525	1118	1555	1212	1625	1364	1720
VELF	14316	0	1525	1815	1683	1905	1885	2045	2155	2185	2323	2245
VELF	14316	0	2434	2310	2727	2355	2996	2485	3225	2545	3575	2715
VELF	14316	0	3737	2870	3966	3055	4333	3295	4828	3505	5717	3895
VELF	14316	0	6727	4365	8006	4675	9596	5045	11980	5385		
SPNT	14396		4583	774734		8162436			23			
VELF	14396	0	835	1495	990	1525	1151	1585	1313	1695	1505	1790
VELF	14396	0	1650	1895	1791	1995	1966	2075	2155	2195	2336	2255
VELF	14396	0	2565	2275	2754	2345	2929	2405	3178	2525	3542	2725
VELF	14396	0	3744	2925	4020	3025	4431	3175	4956	3495	5751	3975
VELF	14396	0	6592	4365	7966	4755	9434	5035	11973	5345		
SPNT	14476		4609	775293		8161606			23			
VELF	14476	0	828	1495	1000	1530	1162	1595	1242	1670	1488	1795
VELF	14476	0	1737	1955	1885	2055	2114	2165	2498	2305	2700	2355
VELF	14476	0	2916	2405	3077	2505	3400	2665	3703	2885	3959	3025
VELF	14476	0	4451	3225	4969	3495	5434	3825	6464	4415	8262	4875
VELF	14476	0	10080	5155	11939	5385						
SPNT	14556		4636	775851		8160777			23			
VELF	14556	0	825	1501	970	1515	1141	1590	1273	1695	1441	1785
VELF	14556	0	1593	1869	1697	1950	1946	2115	2121	2215	2256	2295
VELF	14556	0	2461	2329	2713	2375	2976	2485	3245	2565	3528	2735
VELF	14556	0	3953	3035	4572	3405	5488	3965	6363	4315	7690	4745
VELF	14556	0	9676	5125	11966	5375						
SPNT	14636		4663	776404		8159944			23			
VELF	14636	0	828	1505	1030	1535	1171	1635	1313	1720	1407	1785
VELF	14636	0	1646	1935	1818	2065	1979	2165	2208	2325	2471	2315
VELF	14636	0	2855	2485	3037	2525	3353	2695	3676	2975	3919	3155
VELF	14636	0	4532	3435	5299	3845	6431	4395	8107	4935	9960	5205
VELF	14636	0	11973	5425								
SPNT	14716		4689	776953		8159108			23			
VELF	14716	0	814	1505	1044	1541	1158	1637	1293	1725	1414	1795
VELF	14716	0	1586	1905	1730	2035	1845	2115	2027	2195	2283	2300
VELF	14716	0	2666	2375	2916	2465	3326	2685	3670	2935	3878	3095
VELF	14716	0	4161	3255	4862	3635	6518	4345	7993	4785	9798	5185
VELF	14716	0	11973	5445								
SPNT	14796		4716	777513		8158279			23			
VELF	14796	0	801	1505	990	1535	1131	1615	1272	1715	1475	1840
VELF	14796	0	1616	1975	1757	2105	1986	2225	2148	2315	2293	2335
VELF	14796	0	2451	2385	2673	2425	2868	2485	3124	2555	3447	2705
VELF	14796	0	3636	2895	3828	3040	4175	3255	5219	3785	6161	4245
VELF	14796	0	7447	4675	8942	4995	11979	5415				
SPNT	14876		4743	778076		8157453			23			
VELF	14876	0	801	1505	926	1519	1101	1590	1222	1675	1340	1775
VELF	14876	0	1508	1895	1650	2045	1791	2175	1953	2245	2131	2340
VELF	14876	0	2410	2405	2646	2445	2939	2525	3141	2585	3394	2705
VELF	14876	0	3596	2945	3788	3100	4080	3265	4572	3545	5414	3885
VELF	14876	0	6060	4185	7306	4565	8633	4845	11946	5385		
SPNT	14956		4769	778632		8156621			23			
VELF	14956	0	801	1505	990	1540	1141	1630	1279	1775	1501	1935
VELF	14956	0	1616	2085	1831	2215	2006	2315	2296	2375	2545	2415
VELF	14956	0	2855	2535	3353	2695	3569	2915	3771	2985	4141	3175
VELF	14956	0	4740	3635	5973	4005	7050	4475	8033	4775	9758	5095
VELF	14956	0	11980	5395								
SPNT	15036		4796	779185		8155788			23			
VELF	15036	0	788	1505	980	1545	1077	1605	1232	1745	1373	1855
VELF	15036	0	1522	2005	1683	2145	1865	2235	2013	2335	2283	2425
VELF	15036	0	2586	2445	2855	2565	3077	2635	3346	2745	3777	3035
VELF	15036	0	4128	3195	4559	3385	5239	3795	5865	3965	6895	4445
VELF	15036	0	8080	4775	9626	5100	12000	5405				
SPNT	15116		4823	779745		8154959			23			
VELF	15116	0	778	1500	949	1530	1111	1655	1212	1725	1364	1865
VELF	15116	0	1474	1995	1623	2145	1831	2235	2094	2415	2491	2445
VELF	15116	0	2841	2545	3064	2665	3326	2755	3582	2925	3798	3115
VELF	15116	0	4128	3345	4592	3605	5185	3865	5845	4235	7239	4765
VELF	15116	0	9192	5085	12000	5415						
SPNT	15196		4849	780296		8154125			23			
VELF	15196	0	764	1505	882	1515	983	1565	1118	1665	1232	1765
VELF	15196	0	1360	1865	1468	1995	1606	2130	1784	2205	1973	2315
VELF	15196	0	2208	2365	2801	2575	3050	2665	3320	2765	3569	2955
VELF	15196	0	3771	3085	4101	3205	4471	3435	5441	4035	6283	4445
VELF	15196	0	7239	4695	9081	5070	11980	5415				
SPNT	15276		4876	780859		8153298			23			
VELF	15276	0	761	1495	949	1545	1111	1685	1212	1760	1333	1875
VELF	15276	0	1447	2005	1586	2145	1757	2205	1912	2325	2195	2395
VELF	15276	0	2579	2515	2781	2585	3057	2685	3299	2825	3697	3035
VELF	15276	0	4114	3215	4700	3565	5710	4035	7367	4675	8303	4855
VELF	15276	0	9737	5135	11990	5405						
SPNT	15356		4903	781417		8152469			23			
VELF	15356	0	747	1505	909	1530	1010	1605	1131	1720	1225	1795
VELF	15356	0	1346	1925	1566	2135	1707	2230	1912	2335	2182	2425
VELF	15356	0	2485	2465	2814	2575	3043	2685	3283	2845	3515	3045
VELF	15356	0	4107	3285	4740	3535	5690	3995	6969	4515	8939	5005
VELF	15356	0	12000	5420								
SPNT	15436		4929	781974		8151638			23			
VELF	15436	0	740	1505	919	1545	1037	1635	1198	1795	1360	1955
VELF	15436	0	1515	2115	1697	2195	1905	2295	2182	2455	2397	2485
VELF	15436	0	2626	2505	2801	2595	2963	2665	3144	2765	3474	3035
VELF	15436	0	3697	3145	4087	3325	4727	3605	5643	3925	6390	4285
VELF	15436	0	7077	4545	8616	4995	11960	5475				
SPNT	15516		4956	782521		8150801			23			
VELF	15516	0	740	1505	902	1535	1037	1655	1124	1725	1225	1815
VELF	15516	0	1313	1935	1447	2055	1609	2175	1831	2285	2074	2425
VELF	15516	0	2309	2445	2612	2515	2781	2595	2942	2645	3152	2785
VELF	15516	0	3421	2935	3697	3095	4080	3295	4626	3545	5575	3905
VELF	15516	0	6646	4405	7697	4715	9010	5030	11980	5425		
SPNT	15596		4983	783078		8149971			23			
VELF	15596	0	720	1485	882	1515	1003	1615	1144	1755	1272	1875
VELF	15596	0	1400	2045	1575	2155	1798	2265	2054	2375	2283	2435
VELF	15596	0	2565	2525	2929	2625	3091	2715	3279	2825	3427	2925
VELF	15596	0	3676	3005	4101	3225	4471	3465	5582	3995	6330	4285
VELF	15596	0	7286	4655	9081	5040	12000	5425				
SPNT	15676		5009	783639		8149143			23			
VELF	15676	0	721	1505	882	1535	1003	1635	1091	1721	1222	1855
VELF	15676	0	1367	1995	1468	2105	1670	2195	1831	2295	2040	2395
VELF	15676	0	2269	2455	2478	2475	2781	2655	3293	2845	3461	3085
VELF	15676	0	3683	3205	4040	3345	4626	3605	5111	3795	5777	4095
VELF	15676	0	6464	4375	7266	4565	8939	5040	11990	5430		
SPNT	15756		5036	784193		8148310			23			
VELF	15756	0	713	1505	862	1535	983	1635	1121	1755	1219	1855
VELF	15756	0	1373	2055	1542	2175	1727	2240	1899	2345	2081	2425
VELF	15756	0	2357	2445	2666	2575	2798	2640	3070	2775	3434	2915
VELF	15756	0	3670	3075	4080	3415	4505	3655	5522	3975	6444	4335
VELF	15756	0	7326	4595	8939	5035	12000	5440				
SPNT	15836		5063	784743		8147475			23			
VELF	15836	0	700	1505	848	1530	946	1605	1081	1715	1232	1875
VELF	15836	0	1414	2069	1545	2157	1676	2205	1804	2285	1979	2355
VELF	15836	0	2161	2435	2437	2475	2660	2545	2902	2635	3131	2795
VELF	15836	0	3421	2975	3710	3115	4040	3335	4559	3645	5703	3945
VELF	15836	0	7118	4525	9185	5095	11980	5515				
SPNT	15916		5089	785297		8146642			23			
VELF	15916	0	693	1495	868	1525	1010	1660	1131	1775	1252	1885
VELF	15916	0	1380	2035	1650	2185	1784	2275	2006	2385	2303	2475
VELF	15916	0	2552	2545	2740	2605	3050	2755	3232	2855	3461	3055
VELF	15916	0	3710	3205	4074	3355	4377	3555	5690	4145	6208	4335
VELF	15916	0	6983	4555	8606	4975	11966	5445				
SPNT	15996		5116	785861		8145817			23			
VELF	15996	0	690	1508	862	1535	963	1635	1077	1745	1178	1835
VELF	15996	0	1293	1955	1374	2069	1515	2135	1690	2235	1865	2395
VELF	15996	0	2121	2485	2431	2505	2660	2585	2956	2715	3171	2895
VELF	15996	0	3380	3015	3663	3105	4060	3235	4612	3635	5447	4055
VELF	15996	0	6808	4545	7949	4845	9475	5175	11939	5525		
SPNT	16076		5143	786412		8144982			23			
VELF	16076	0	687	1505	835	1525	963	1630	1071	1755	1165	1855
VELF	16076	0	1293	1945	1434	2085	1643	2190	1805	2310	2111	2435
VELF	16076	0	2364	2465	2653	2515	3051	2730	3212	2810	3407	2970
VELF	16076	0	3677	3095	4067	3260	4599	3575	5286	3925	6377	4320
VELF	16076	0	8010	4845	9616	5175	11973	5505				
SPNT	16156		5169	786970		8144152			23			
VELF	16156	0	673	1503	815	1515	949	1625	1148	1819	1327	1985
VELF	16156	0	1421	2080	1650	2210	1811	2330	1939	2435	2189	2480
VELF	16156	0	2384	2520	2667	2590	2919	2725	3212	2885	3461	3035
VELF	16156	0	3684	3140	4061	3355	4599	3530	5239	3830	6195	4260
VELF	16156	0	7367	4640	8923	4995	11926	5430				
SPNT	16236		5196	787524		8143320			23			
VELF	16236	0	667	1500	828	1530	976	1660	1084	1760	1192	1885
VELF	16236	0	1340	2015	1481	2145	1687	2220	1838	2350	2121	2425
VELF	16236	0	2370	2485	2694	2600	2963	2735	3165	2860	3455	3080
VELF	16236	0	3717	3240	4054	3370	4687	3655	5468	3965	6370	4305
VELF	16236	0	7367	4610	8916	5020	11939	5435				
SPNT	16316		5223	788077		8142487			23			
VELF	16316	0	653	1500	808	1521	896	1590	1034	1719	1138	1820
VELF	16316	0	1286	1965	1448	2130	1650	2200	1785	2320	1960	2415
VELF	16316	0	2242	2475	2444	2510	2667	2590	2916	2665	3178	2850
VELF	16316	0	3327	2925	3690	3175	4027	3370	4660	3670	5616	3965
VELF	16316	0	6364	4240	7212	4560	8815	4970	11953	5425		
SPNT	16396		5249	788637		8141659			23			
VELF	16396	0	653	1500	822	1530	949	1625	1037	1730	1199	1865
VELF	16396	0	1327	2000	1535	2145	1697	2250	1778	2345	1960	2425
VELF	16396	0	2168	2440	2364	2480	2640	2595	2815	2680	2949	2740
VELF	16396	0	3138	2815	3414	2985	3731	3200	4047	3320	4882	3715
VELF	16396	0	5616	3985	7212	4470	8875	4925	11966	5385		
SPNT	16476		5276	789197		8140830			23			
VELF	16476	0	640	1500	781	1520	869	1560	1017	1715	1205	1880
VELF	16476	0	1364	2025	1596	2175	1704	2253	1778	2350	2013	2380
VELF	16476	0	2215	2450	2438	2520	2653	2585	2869	2740	3064	2880
VELF	16476	0	3414	3120	3684	3300	4478	3565	5502	3835	6754	4370
VELF	16476	0	7475	4615	8741	4940	12000	5420				
SPNT	16556		5303	789755		8140000			23			
VELF	16556	0	636	1510	838	1545	949	1650	1077	1795	1226	1925
VELF	16556	0	1394	2050	1586	2170	1808	2350	2030	2440	2316	2510
VELF	16556	0	2532	2565	2653	2630	2869	2730	3071	2835	3300	2980
VELF	16556	0	3697	3185	4020	3365	4963	3820	5582	4010	6882	4460
VELF	16556	0	8774	4965	11973	5425						
SPNT	16636		5329	790312		8139170			23			
VELF	16636	0	633	1505	778	1525	855	1561	932	1639	1010	1710
VELF	16636	0	1118	1830	1232	1935	1360	2030	1636	2190	1771	2340
VELF	16636	0	1933	2405	2175	2455	2444	2540	2640	2620	2835	2735
VELF	16636	0	3138	2875	3374	3050	3690	3245	4020	3420	4869	3890
VELF	16636	0	5643	4110	7003	4565	8758	4990	11966	5440		
SPNT	16716		5356	790866		8138337			23			
VELF	16716	0	626	1500	818	1540	949	1650	1051	1770	1192	1900
VELF	16716	0	1354	2045	1535	2140	1724	2340	1973	2410	2128	2455
VELF	16716	0	2377	2535	2620	2625	2869	2730	3064	2875	3286	3060
VELF	16716	0	3670	3265	4215	3460	4835	3780	5428	4005	7071	4510
VELF	16716	0	8714	4920	11960	5420						
SPNT	16796		5383	791425		8137508			23			
VELF	16796	0	626	1507	788	1535	882	1605	1010	1735	1158	1885
VELF	16796	0	1340	2023	1529	2130	1684	2290	1872	2420	2135	2465
VELF	16796	0	2343	2540	2593	2605	2822	2700	3071	2845	3226	2930
VELF	16796	0	3374	3030	3657	3185	3970	3365	4734	3765	5428	3990
VELF	16796	0	7003	4485	8747	4920	11987	5425				
SPNT	16876		5409	791983		8136679			23			
VELF	16876	0	626	1505	741	1515	795	1530	848	1585	909	1630
VELF	16876	0	1081	1810	1239	1960	1404	2085	1542	2160	1704	2340
VELF	16876	0	1869	2450	2135	2495	2377	2555	2680	2650	2855	2740
VELF	16876	0	3145	2870	3327	2975	3630	3130	3966	3365	4687	3710
VELF	16876	0	5387	3995	6754	4420	8633	4890	11966	5425		
SPNT	16956		5436	792538		8135847			23			
VELF	16956	0	616	1507	788	1525	896	1630	990	1720	1141	1855
VELF	16956	0	1273	1975	1367	2090	1495	2150	1687	2345	1845	2455
VELF	16956	0	2081	2475	2296	2505	2593	2630	2822	2730	3152	2850
VELF	16956	0	3364	3095	3663	3250	3933	3350	4337	3505	4801	3710
VELF	16956	0	5279	3920	5899	4170	6835	4445	8788	4945	11933	5415
SPNT	17036		5463	793086		8135010			23			
VELF	17036	0	626	1505	774	1525	842	1580	916	1655	1037	1775
VELF	17036	0	1226	1965	1384	2085	1535	2175	1710	2375	1892	2415
VELF	17036	0	2229	2495	2552	2635	2822	2745	3145	2885	3367	3075
VELF	17036	0	3589	3195	4256	3445	4781	3655	5488	4000	6162	4270
VELF	17036	0	6990	4560	8556	4985	11990	5485				
SPNT	17116		5489	793650		8134184			23			
VELF	17116	0	613	1507	801	1535	872	1595	983	1715	1057	1795
VELF	17116	0	1145	1890	1279	2010	1391	2097	1502	2140	1684	2355
VELF	17116	0	2088	2490	2229	2505	2559	2660	2741	2740	2990	2875
VELF	17116	0	3185	2965	3576	3215	4054	3330	4613	3590	5266	3900
VELF	17116	0	6364	4330	7306	4620	8505	4940	11960	5470		
SPNT	17196		5516	794202		8133350			23			
VELF	17196	0	599	1505	788	1530	889	1625	1030	1770	1152	1885
VELF	17196	0	1253	1990	1313	2050	1461	2145	1589	2230	1670	2350
VELF	17196	0	1811	2405	2162	2520	2404	2560	2673	2690	2848	2780
VELF	17196	0	3141	2955	3535	3140	3906	3305	4148	3520	4768	3825
VELF	17196	0	5744	4195	6606	4465	7545	4725	9293	5095	12000	5455
SPNT	17276		5543	794760		8132521			23			
VELF	17276	0	606	1505	717	1519	808	1555	936	1690	1145	1885
VELF	17276	0	1253	1985	1434	2115	1589	2235	1663	2340	1751	2395
VELF	17276	0	2027	2450	2316	2525	2552	2630	2848	2765	3152	2905
VELF	17276	0	3347	3135	3933	3450	4721	3785	5320	3915	6182	4245
VELF	17276	0	7848	4785	9343	5095	11980	5455				
SPNT	17356		5569	795313		8131687			23			
VELF	17356	0	599	1505	758	1535	835	1570	983	1725	1138	1865
VELF	17356	0	1273	2010	1465	2140	1582	2250	1697	2400	1805	2445
VELF	17356	0	2135	2540	2330	2575	2579	2670	2842	2815	3172	2970
VELF	17356	0	3333	3150	3623	3315	3906	3425	4532	3655	5259	3945
VELF	17356	0	6923	4510	8313	4875	9778	5175	11990	5455		
SPNT	17436		5596	795865		8130853			23			
VELF	17436	0	593	1507	751	1525	855	1610	963	1720	1145	1900
VELF	17436	0	1313	2050	1455	2130	1549	2220	1670	2365	1811	2435
VELF	17436	0	2135	2485	2572	2620	2795	2675	3145	2925	3327	3110
VELF	17436	0	3657	3310	4121	3460	4848	3785	5253	3885	5980	4125
VELF	17436	0	6997	4530	8313	4905	10030	5195	11980	5450		
SPNT	17516		5623	796417		8130019			23			
VELF	17516	0	596	1500	758	1535	879	1635	1000	1780	1162	1915
VELF	17516	0	1333	2065	1485	2175	1690	2380	1987	2460	2215	2510
VELF	17516	0	2556	2665	2801	2755	3131	2910	3303	3095	3535	3230
VELF	17516	0	3987	3525	4606	3725	5259	3935	6465	4385	8303	4895
VELF	17516	0	10152	5215	12000	5450						
SPNT	17596		5649	796971		8129187			23			
VELF	17596	0	593	1510	747	1535	869	1640	963	1735	1030	1820
VELF	17596	0	1172	1975	1300	2075	1461	2155	1582	2270	1684	2370
VELF	17596	0	1818	2425	2007	2485	2101	2520	2316	2560	2566	2715
VELF	17596	0	2801	2785	3131	2955	3549	3290	3953	3460	4465	3690
VELF	17596	0	5091	3820	6047	4170	7246	4610	9024	5035	12000	5445
SPNT	17676		5676	797527		8128355			23			
VELF	17676	0	572	1500	737	1540	869	1640	970	1765	1121	1895
VELF	17676	0	1259	2060	1515	2225	1650	2385	1818	2445	1980	2530
VELF	17676	0	2101	2565	2276	2590	2556	2710	2808	2840	3118	3045
VELF	17676	0	3300	3240	3535	3355	3973	3595	4923	3825	5953	4140
VELF	17676	0	7421	4650	9384	5105	12000	5445				
SPNT	17756		5703	797984		8127500			23			
VELF	17756	0	579	1505	754	1535	882	1665	1030	1835	1152	1985
VELF	17756	0	1273	2160	1455	2305	1650	2490	1805	2580	2074	2650
VELF	17756	0	2586	2795	2896	2930	3111	3115	3300	3260	3576	3405
VELF	17756	0	4108	3660	4828	3810	5623	4030	6646	4370	7865	4755
VELF	17756	0	9542	5090	11980	5410						
SPNT	17836		5729	798093		8126505			23			
VELF	17836	0	586	1510	707	1530	815	1625	848	1720	970	1820
VELF	17836	0	1077	1950	1259	2145	1407	2280	1724	2460	2047	2585
VELF	17836	0	2411	2720	2815	2835	3273	3095	3535	3285	4168	3535
VELF	17836	0	5145	3910	6747	4500	9003	4975	11973	5395		
SPNT	17916		5756	798174		8125509			23			
VELF	17916	0	572	1505	694	1535	801	1645	882	1755	1010	1890
VELF	17916	0	1104	1991	1205	2090	1394	2195	1542	2345	1717	2425
VELF	17916	0	1899	2470	2155	2525	2384	2600	2828	2730	3051	2870
VELF	17916	0	3222	3035	3475	3150	4000	3295	4714	3720	5805	4025
VELF	17916	0	6963	4430	8323	4680	11960	5295				
SPNT	17996		5783	798257		8124512			23			
VELF	17996	0	572	1505	687	1540	838	1690	970	1850	1205	2100
VELF	17996	0	1380	2200	1542	2400	1704	2460	2007	2560	2418	2640
VELF	17996	0	2687	2720	3044	2965	3232	3155	3475	3255	4175	3475
VELF	17996	0	4559	3570	4943	3800	6141	4285	7246	4565	8633	4790
VELF	17996	0	11960	5320								
SPNT	18076		5809	798350		8123516			23			
VELF	18076	0	572	1510	694	1540	822	1655	949	1810	1077	1940
VELF	18076	0	1192	2090	1306	2140	1428	2255	1535	2375	1670	2470
VELF	18076	0	1939	2545	2155	2590	2391	2690	2707	2835	3044	2990
VELF	18076	0	3172	3140	3455	3285	3657	3390	4162	3585	4606	3720
VELF	18076	0	5145	3885	6074	4245	7939	4710	9582	5035	11973	5375
SPNT	18156		5836	798451		8122521			23			
VELF	18156	0	572	1505	700	1535	801	1640	919	1780	1030	1900
VELF	18156	0	1131	2050	1333	2155	1455	2280	1663	2435	1966	2590
VELF	18156	0	2215	2625	2633	2810	3017	3065	3481	3310	4114	3605
VELF	18156	0	4512	3750	5030	3890	6296	4275	8525	4810	11987	5370
SPNT	18236		5863	798532		8121525			23			
VELF	18236	0	569	1511	687	1535	805	1643	889	1735	1017	1895
VELF	18236	0	1192	2080	1347	2165	1556	2355	1717	2455	1993	2530
VELF	18236	0	2168	2585	2424	2695	2680	2815	3003	3005	3428	3260
VELF	18236	0	4121	3530	4660	3730	5414	3955	6290	4185	7906	4650
VELF	18236	0	9515	4990	11973	5355						
SPNT	18316		5889	798615		8120528			23			
VELF	18316	0	566	1505	694	1530	828	1675	916	1775	1071	1960
VELF	18316	0	1205	2125	1387	2250	1525	2380	1684	2445	2121	2560
VELF	18316	0	2357	2625	2552	2745	2862	2930	3024	3040	3434	3270
VELF	18316	0	4040	3505	4431	3690	5131	3915	6040	4125	7697	4595
VELF	18316	0	9495	4990	11980	5355						
SPNT	18396		5916	798701		8119532			23			
VELF	18396	0	572	1510	677	1527	795	1650	909	1760	990	1875
VELF	18396	0	1165	2050	1340	2180	1488	2340	1562	2415	1953	2505
VELF	18396	0	2135	2570	2391	2680	2680	2880	3010	3055	3428	3310
VELF	18396	0	4027	3555	4404	3665	5387	3975	6458	4290	7912	4650
VELF	18396	0	9502	4995	11987	5355						
SPNT	18476		5943	798794		8118536			23			
VELF	18476	0	559	1510	700	1550	869	1720	963	1850	1077	1995
VELF	18476	0	1300	2135	1455	2330	1616	2435	1933	2475	2108	2560
VELF	18476	0	2350	2690	2593	2850	2795	2950	3131	3120	3394	3260
VELF	18476	0	3980	3530	4424	3720	5354	3970	6559	4325	8027	4670
VELF	18476	0	9465	5010	12000	5365						
SPNT	18556		5969	798871		8117539			23			
VELF	18556	0	566	1510	673	1525	754	1615	835	1700	936	1813
VELF	18556	0	1064	1955	1172	2080	1354	2200	1488	2395	1623	2470
VELF	18556	0	1912	2505	2148	2575	2350	2680	2660	2810	2976	3010
VELF	18556	0	3394	3250	4020	3495	4599	3770	5131	3935	6128	4210
VELF	18556	0	7152	4475	8572	4805	9993	5090	11993	5365		
SPNT	18636		5996	798958		8116543			23			
VELF	18636	0	566	1510	680	1525	859	1705	976	1910	1131	2050
VELF	18636	0	1300	2200	1455	2375	1630	2460	1953	2520	2182	2590
VELF	18636	0	2519	2755	2822	2940	2976	3030	3401	3310	3919	3475
VELF	18636	0	4215	3575	5017	3900	6391	4285	8067	4690	9569	5015
VELF	18636	0	11987	5365								
SPNT	18716		6023	799049		8115547			23			
VELF	18716	0	559	1507	673	1535	761	1610	855	1715	936	1850
VELF	18716	0	1057	1990	1192	2100	1320	2220	1468	2360	1623	2425
VELF	18716	0	1879	2465	2101	2525	2242	2555	2532	2765	2869	2910
VELF	18716	0	3374	3210	3798	3445	4296	3620	4815	3870	5414	4050
VELF	18716	0	6842	4400	9441	5005	11966	5370				
SPNT	18796		6049	799135		8114551			23			
VELF	18796	0	545	1505	694	1530	815	1680	960	1840	1118	2025
VELF	18796	0	1205	2120	1354	2260	1495	2405	1785	2460	2074	2550
VELF	18796	0	2330	2610	2626	2870	2754	3010	2936	3095	3354	3310
VELF	18796	0	3859	3475	4155	3585	4795	3730	5912	4100	8027	4670
VELF	18796	0	10027	5100	11960	5370						
SPNT	18876		6076	799227		8113555			23			
VELF	18876	0	552	1505	660	1530	828	1687	943	1835	1044	1950
VELF	18876	0	1125	2035	1273	2190	1367	2295	1511	2410	1892	2485
VELF	18876	0	2081	2570	2343	2720	2747	2930	2949	3030	3367	3195
VELF	18876	0	3805	3465	4229	3700	4889	3925	5731	4165	7488	4610
VELF	18876	0	9960	5165	11973	5440						
SPNT	18956		6103	799318		8112559			23			
VELF	18956	0	552	1515	653	1515	761	1615	869	1755	997	1905
VELF	18956	0	1131	2070	1320	2235	1481	2400	1737	2460	2101	2560
VELF	18956	0	2444	2760	2734	2930	2956	3065	3367	3285	3798	3495
VELF	18956	0	4296	3710	4788	3870	5414	4005	6815	4430	9131	4930
VELF	18956	0	11973	5380								
SPNT	19036		6129	799398		8111562			23			
VELF	19036	0	549	1511	667	1525	741	1605	872	1765	1003	1910
VELF	19036	0	1138	2050	1296	2209	1495	2405	1811	2505	2061	2555
VELF	19036	0	2397	2750	2727	2885	2936	3005	3354	3300	3704	3475
VELF	19036	0	4283	3710	4929	3935	5589	4070	6633	4385	8222	4735
VELF	19036	0	9886	5060	11987	5380						
SPNT	19116		6156	799482		8110566			23			
VELF	19116	0	539	1510	673	1540	788	1640	875	1770	970	1890
VELF	19116	0	1125	2045	1239	2180	1407	2375	1684	2475	2034	2575
VELF	19116	0	2310	2700	2734	2910	2916	3075	3327	3285	3771	3540
VELF	19116	0	4512	3815	5623	4085	6539	4365	8135	4715	10020	5095
VELF	19116	0	12000	5385								
SPNT	19196		6183	799569		819570			23			
VELF	19196	0	535	1509	660	1530	751	1600	842	1715	936	1860
VELF	19196	0	1111	2030	1306	2255	1455	2415	1798	2515	2114	2615
VELF	19196	0	2343	2720	2700	2915	2916	3015	3333	3230	3785	3425
VELF	19196	0	4256	3665	4593	3775	5279	3995	6438	4350	7953	4670
VELF	19196	0	9993	5085	11987	5335						
SPNT	19276		6209	799652		818573			23			
VELF	19276	0	545	1510	687	1545	808	1675	919	1835	1044	1970
VELF	19276	0	1192	2140	1424	2395	1845	2500	2256	2655	2579	2835
VELF	19276	0	2869	2940	3279	3205	3657	3330	4128	3520	4559	3630
VELF	19276	0	5401	3935	6444	4240	8114	4660	10088	5100	11987	5335
SPNT	19356		6236	799741		817577			23			
VELF	19356	0	529	1511	667	1550	747	1611	879	1793	993	1925
VELF	19356	0	1091	2025	1155	2097	1259	2210	1441	2400	1771	2470
VELF	19356	0	1980	2540	2296	2675	2633	2835	2882	2990	3266	3175
VELF	19356	0	3710	3375	4209	3560	5051	3820	6296	4200	8209	4685
VELF	19356	0	9933	5075	11980	5335						
SPNT	19436		6263	799830		816581			23			
VELF	19436	0	525	1510	687	1555	788	1685	899	1820	1020	1960
VELF	19436	0	1145	2095	1273	2260	1428	2375	1791	2455	1953	2535
VELF	19436	0	2229	2610	2545	2875	2862	3035	3286	3230	3737	3515
VELF	19436	0	4512	3805	6606	4375	8411	4825	9987	5135	11980	5405
SPNT	19516		6289	799922		815585			23			
VELF	19516	0	512	1510	646	1525	778	1650	859	1780	1003	1930
VELF	19516	0	1104	2050	1232	2215	1387	2380	1650	2440	1832	2490
VELF	19516	0	1966	2530	2128	2595	2492	2890	2855	3075	3279	3310
VELF	19516	0	3751	3565	4471	3815	5603	4105	7024	4485	9980	5140
VELF	19516	0	11980	5420								
SPNT	19596		6316	82		814588			23			
VELF	19596	0	512	1510	633	1525	761	1625	855	1770	970	1920
VELF	19596	0	1111	2070	1226	2230	1394	2395	1636	2460	1805	2530
VELF	19596	0	2222	2710	2539	2825	2768	2945	3030	3185	3690	3450
VELF	19596	0	4101	3695	5845	4185	7697	4645	9434	5025	12000	5415
SPNT	19676		6343	890		813592			23			
VELF	19676	0	498	1505	643	1537	727	1605	838	1765	1024	1975
VELF	19676	0	1192	2155	1367	2380	1630	2450	1818	2495	2013	2575
VELF	19676	0	2253	2730	2498	2820	2741	2970	2869	3105	3205	3175
VELF	19676	0	3670	3335	4040	3565	5293	4130	7030	4655	8545	4935
VELF	19676	0	9953	5195	11980	5460						
SPNT	19756		6369	8174		812596			23			
VELF	19756	0	498	1510	646	1540	768	1675	923	1855	1071	2030
VELF	19756	0	1242	2200	1424	2405	1791	2495	1966	2555	2215	2695
VELF	19756	0	2471	2800	2754	2950	2960	3185	3259	3295	3684	3505
VELF	19756	0	4088	3715	4646	3950	5710	4310	6943	4700	8495	5065
VELF	19756	0	9990	5280	11953	5495						
SPNT	19836		6396	8280		811601			23			
VELF	19836	0	498	1510	643	1533	734	1625	825	1759	936	1920
VELF	19836	0	1077	2035	1172	2115	1293	2280	1407	2375	1798	2510
VELF	19836	0	2148	2660	2478	2840	2808	3025	3037	3210	3421	3360
VELF	19836	0	3818	3525	4296	3625	5030	3875	5690	4210	6943	4700
VELF	19836	0	8919	5115	12000	5495						
SPNT	19916		6423	8351		81604			23			
VELF	19916	0	495	1510	657	1540	747	1645	869	1810	1084	2030
VELF	19916	0	1192	2170	1360	2365	1684	2470	1933	2520	2202	2685
VELF	19916	0	2485	2840	2795	3005	3468	3335	3785	3460	4418	3735
VELF	19916	0	5077	3990	5751	4245	7010	4705	8768	5085	12000	5500
SPNT	19996		6449	8442		8099608			23			
VELF	19996	0	498	1511	646	1535	737	1630	862	1760	956	1895
VELF	19996	0	1125	2045	1253	2175	1428	2315	1630	2470	1919	2540
VELF	19996	0	2189	2710	2815	3030	3212	3200	3468	3360	4121	3580
VELF	19996	0	4956	4020	5616	4330	6640	4620	9081	5115	12000	5505
SPNT	20076		6476	8532		8098612			23			
VELF	20076	0	485	1510	633	1535	781	1650	882	1795	997	1930
VELF	20076	0	1158	2080	1279	2240	1468	2375	1663	2445	1798	2465
VELF	20076	0	1926	2485	2182	2675	2545	2855	3037	3140	3421	3360
VELF	20076	0	3859	3495	4391	3710	5293	4030	6741	4635	8000	4940
VELF	20076	0	8879	5115	12000	5525						
SPNT	20156		6503	8614		8097615			23			
VELF	20156	0	495	1503	606	1525	788	1665	882	1800	983	1885
VELF	20156	0	1111	2055	1232	2185	1320	2305	1441	2410	1818	2495
VELF	20156	0	2034	2575	2283	2735	2606	2920	3010	3175	3811	3550
VELF	20156	0	4545	3840	4990	4015	6498	4595	7609	4855	8855	5110
VELF	20156	0	12000	5530								
SPNT	20236		6529	8716		8096620			23			
VELF	20236	0	498	1515	653	1545	761	1640	855	1725	963	1865
VELF	20236	0	1165	2075	1279	2240	1441	2335	1650	2410	1825	2450
VELF	20236	0	2007	2555	2215	2650	2613	2850	2801	2935	3300	3190
VELF	20236	0	3697	3390	4296	3765	5259	4205	6525	4655	7495	4865
VELF	20236	0	8899	5135	12000	5530						
SPNT	20316		6556	8795		8095624			23			
VELF	20316	0	478	1505	626	1530	734	1601	828	1690	919	1815
VELF	20316	0	1037	1950	1219	2145	1354	2345	1569	2405	1818	2505
VELF	20316	0	1987	2580	2350	2715	2835	3045	3428	3300	3980	3670
VELF	20316	0	4377	3905	5737	4450	7091	4820	8808	5120	11990	5535
SPNT	20396		6583	8885		8094628			23			
VELF	20396	0	492	1515	636	1545	737	1605	859	1735	990	1885
VELF	20396	0	1111	2025	1212	2130	1374	2295	1505	2435	1724	2525
VELF	20396	0	2559	2920	3387	3395	3650	3595	4323	3845	4936	4020
VELF	20396	0	5414	4265	6512	4640	8879	5135	12000	5535		
SPNT	20476		6609	8972		8093631			23			
VELF	20476	0	478	1510	606	1530	734	1615	822	1715	929	1843
VELF	20476	0	1017	1950	1192	2135	1333	2240	1448	2350	1677	2470
VELF	20476	0	2175	2650	2747	2975	3502	3345	4283	3745	5603	4385
VELF	20476	0	7131	4790	8875	5165	11973	5545				
SPNT	20556		6636	81055		8092635			23			
VELF	20556	0	485	1510	593	1525	734	1635	855	1780	963	1925
VELF	20556	0	1125	2080	1300	2285	1448	2400	1670	2435	1845	2515
VELF	20556	0	2054	2610	2242	2695	2431	2810	2599	2905	2822	3065
VELF	20556	0	3259	3255	4465	3610	5125	3955	5481	4135	6054	4400
VELF	20556	0	7556	4850	8929	5155	11946	5545				
SPNT	20636		6663	81146		8091639			23			
VELF	20636	0	471	1511	569	1527	643	1569	741	1670	862	1820
VELF	20636	0	990	1965	1125	2135	1266	2290	1414	2440	1717	2475
VELF	20636	0	1939	2515	2229	2705	2727	3010	3226	3340	3623	3445
VELF	20636	0	4498	3660	5172	3955	6215	4400	7630	4830	9791	5210
VELF	20636	0	11953	5485								
SPNT	20716		6689	81237		8090643			23			
VELF	20716	0	465	1510	572	1525	680	1610	815	1770	929	1920
VELF	20716	0	1084	2070	1199	2160	1320	2285	1508	2435	1832	2485
VELF	20716	0	2074	2570	2377	2820	2781	3000	3219	3180	3663	3410
VELF	20716	0	4013	3545	4774	3740	5636	4160	6626	4545	7785	4880
VELF	20716	0	9064	5105	11987	5500						
SPNT	20796		6716	81324		8089647			23			
VELF	20796	0	465	1515	552	1520	650	1587	737	1687	869	1850
VELF	20796	0	1051	2040	1178	2215	1279	2330	1407	2395	1751	2485
VELF	20796	0	1993	2560	2202	2670	2471	2775	2633	2875	2882	3070
VELF	20796	0	3212	3230	3764	3405	4229	3565	5138	3740	6290	4230
VELF	20796	0	8263	4865	11987	5490						
SPNT	20876		6743	81410		8088651			23			
VELF	20876	0	451	1510	599	1540	727	1685	835	1835	956	1960
VELF	20876	0	1077	2105	1239	2305	1380	2385	1657	2430	1906	2485
VELF	20876	0	2027	2510	2256	2700	2613	2880	2855	3030	3205	3215
VELF	20876	0	3444	3335	3758	3400	4640	3650	5279	3930	6855	4480
VELF	20876	0	7751	4705	9347	5005	11960	5390				
SPNT	20956		6769	81488		8087654			23			
VELF	20956	0	458	1510	582	1543	646	1595	717	1681	832	1839
VELF	20956	0	976	1995	1145	2200	1313	2345	1481	2380	1791	2425
VELF	20956	0	1919	2465	2310	2685	2559	2850	2741	2965	3017	3155
VELF	20956	0	3202	3245	3444	3325	3791	3420	4593	3630	5077	3805
VELF	20956	0	6788	4375	7912	4680	9424	5005	11960	5375		
SPNT	21036		6796	81584		8086658			23			
VELF	21036	0	455	1520	606	1560	680	1640	848	1860	963	1990
VELF	21036	0	1077	2120	1212	2270	1414	2395	1724	2465	1933	2495
VELF	21036	0	2337	2720	2572	2850	2808	3030	3051	3160	3374	3270
VELF	21036	0	3758	3435	4727	3660	5562	3955	6667	4345	8552	4820
VELF	21036	0	9717	5020	11973	5360						
SPNT	21116		6823	81670		8085662			23			
VELF	21116	0	455	1511	559	1530	633	1583	721	1691	859	1860
VELF	21116	0	970	1995	1057	2105	1158	2230	1394	2390	1677	2465
VELF	21116	0	1892	2500	2269	2620	2566	2855	2774	2975	3024	3125
VELF	21116	0	3414	3290	3731	3420	4545	3715	6061	4145	7697	4580
VELF	21116	0	9407	4945	11980	5365						
SPNT	21196		6849	82069		8084782			23			
VELF	21196	0	438	1510	566	1535	700	1660	822	1825	936	1965
VELF	21196	0	1071	2130	1219	2280	1414	2390	1704	2460	1886	2510
VELF	21196	0	2108	2585	2370	2695	2599	2845	2855	3020	3131	3190
VELF	21196	0	3704	3450	5010	3775	6384	4190	7892	4595	9636	4955
VELF	21196	0	11973	5300								
SPNT	21276		6876	82616		8083944			23			
VELF	21276	0	438	1510	559	1530	700	1685	801	1830	889	1930
VELF	21276	0	997	2040	1111	2190	1205	2300	1343	2345	1630	2420
VELF	21276	0	1946	2535	2236	2655	2404	2710	2734	2935	3125	3250
VELF	21276	0	3771	3450	4801	3705	5912	4005	7071	4355	9172	4855
VELF	21276	0	11987	5300								
SPNT	21356		6903	83171		8083113			23			
VELF	21356	0	438	1510	586	1555	697	1665	788	1790	896	1930
VELF	21356	0	990	2060	1091	2180	1306	2345	1495	2415	1744	2450
VELF	21356	0	2175	2640	2505	2785	2747	2995	2983	3115	3165	3205
VELF	21356	0	3785	3400	4626	3645	5205	3895	6828	4395	7933	4665
VELF	21356	0	9603	5020	11987	5335						
SPNT	21436		6929	83729		8082282			23			
VELF	21436	0	438	1510	556	1543	653	1650	781	1770	889	1920
VELF	21436	0	976	2025	1111	2200	1263	2375	1414	2425	1758	2480
VELF	21436	0	2067	2590	2424	2755	2727	3005	3057	3140	3367	3265
VELF	21436	0	3677	3420	4741	3695	6404	4255	8424	4815	9421	4980
VELF	21436	0	11973	5340								
SPNT	21516		6956	84279		8081447			23			
VELF	21516	0	424	1510	572	1535	700	1690	801	1830	902	1950
VELF	21516	0	1010	2075	1118	2235	1253	2380	1596	2445	1852	2485
VELF	21516	0	1987	2560	2424	2760	2734	2975	3253	3250	3845	3450
VELF	21516	0	4754	3750	5886	4140	7865	4700	9125	4910	11973	5340
SPNT	21596		6983	84835		8080616			23			
VELF	21596	0	418	1510	545	1530	687	1675	795	1820	899	1933
VELF	21596	0	997	2075	1091	2205	1259	2359	1424	2455	1630	2480
VELF	21596	0	1879	2565	2162	2735	2566	2930	2697	3035	3084	3160
VELF	21596	0	3421	3250	4626	3740	6667	4400	9495	5060	11987	5425
SPNT	21676		7009	85389		8079784			23			
VELF	21676	0	404	1510	525	1535	707	1695	801	1840	929	2010
VELF	21676	0	1044	2170	1182	2310	1384	2440	1596	2495	1832	2535
VELF	21676	0	2189	2665	2404	2815	2687	3000	3057	3180	3421	3285
VELF	21676	0	4559	3690	5960	4195	8263	4850	11980	5450		
SPNT	21756		7036	85942		8078951			23			
VELF	21756	0	411	1515	498	1530	579	1555	680	1695	795	1855
VELF	21756	0	1051	2215	1249	2375	1414	2450	1616	2500	1852	2555
VELF	21756	0	2189	2710	2519	2885	2680	2980	2929	3110	3347	3260
VELF	21756	0	3650	3365	4357	3590	5468	4085	6646	4470	9414	5130
VELF	21756	0	11946	5480								
SPNT	21836		7063	86496		8078118			23			
VELF	21836	0	414	1510	525	1535	606	1590	694	1710	781	1855
VELF	21836	0	869	2005	990	2145	1131	2310	1387	2455	1616	2495
VELF	21836	0	1899	2560	2195	2700	2532	2880	2916	3130	3279	3275
VELF	21836	0	3576	3345	4135	3530	4593	3705	5340	4050	6896	4535
VELF	21836	0	8552	4920	11987	5485						
SPNT	21916		7089	87047		8077284			23			
VELF	21916	0	404	1510	488	1531	586	1585	673	1695	761	1815
VELF	21916	0	835	1965	970	2125	1111	2285	1259	2415	1630	2480
VELF	21916	0	1939	2565	2350	2790	2653	2995	3091	3170	3603	3305
VELF	21916	0	4498	3675	5279	4025	6458	4415	8370	4880	11980	5450
SPNT	21996		7116	87604		8076453			23			
VELF	21996	0	397	1510	559	1575	667	1700	754	1820	869	2000
VELF	21996	0	997	2165	1192	2340	1347	2415	1710	2490	1919	2535
VELF	21996	0	2333	2775	2667	2980	3138	3145	3939	3410	4539	3630
VELF	21996	0	5266	4020	6963	4530	9091	4990	11953	5395		
SPNT	22076		7143	88154		8075618			23			
VELF	22076	0	404	1510	502	1533	593	1608	707	1730	781	1870
VELF	22076	0	882	2025	1003	2165	1131	2300	1293	2395	1623	2435
VELF	22076	0	1946	2530	2236	2710	2539	2935	2896	3110	3286	3245
VELF	22076	0	3886	3460	4370	3625	5428	4030	7226	4615	9502	5060
VELF	22076	0	11987	5400								
SPNT	22156		7169	88704		8074783			23			
VELF	22156	0	397	1510	545	1560	677	1695	761	1845	848	2005
VELF	22156	0	983	2160	1098	2320	1266	2395	1576	2465	1953	2615
VELF	22156	0	2135	2730	2492	2880	3125	3230	4101	3565	5118	3945
VELF	22156	0	7178	4600	8902	4935	11987	5400				
SPNT	22236		7196	89252		8073946			23			
VELF	22236	0	384	1510	502	1537	596	1611	680	1740	754	1855
VELF	22236	0	828	2025	970	2190	1111	2325	1286	2385	1690	2510
VELF	22236	0	2283	2720	2626	2990	2889	3090	3232	3240	4040	3470
VELF	22236	0	5165	3960	7030	4550	9603	5040	11973	5345		
SPNT	22316		7223	89806		8073113			23			
VELF	22316	0	377	1510	512	1565	626	1665	734	1815	822	2020
VELF	22316	0	963	2160	1077	2275	1205	2365	1481	2485	1710	2550
VELF	22316	0	1899	2635	2182	2745	2465	2910	2862	3125	3306	3295
VELF	22316	0	4040	3525	5030	3915	6727	4455	8215	4810	9818	5080
VELF	22316	0	11973	5355								
SPNT	22396		7249	810361		8072282			23			
VELF	22396	0	377	1510	485	1545	572	1610	660	1700	795	2015
VELF	22396	0	976	2215	1104	2295	1279	2395	1562	2490	1886	2575
VELF	22396	0	2256	2765	2593	2980	2862	3110	3111	3180	3879	3435
VELF	22396	0	4761	3845	5892	4215	6747	4415	8047	4770	9576	5040
VELF	22396	0	11987	5350								
SPNT	22476		7276	810921		8071453			23			
VELF	22476	0	377	1510	532	1565	653	1715	747	1885	808	2025
VELF	22476	0	970	2200	1138	2300	1279	2405	1603	2465	1825	2570
VELF	22476	0	2074	2695	2364	2840	2579	3005	3077	3130	3710	3445
VELF	22476	0	4330	3595	4896	3785	6061	4250	7320	4565	8956	4935
VELF	22476	0	11980	5350								
SPNT	22556		7303	811471		8070618			23			
VELF	22556	0	377	1519	478	1553	579	1627	660	1735	774	1980
VELF	22556	0	949	2185	1037	2271	1239	2380	1562	2455	1737	2490
VELF	22556	0	2034	2665	2168	2785	2559	2985	3017	3110	3279	3215
VELF	22556	0	3657	3310	4094	3440	4620	3650	6478	4395	8168	4760
VELF	22556	0	9529	5040	11966	5360						
SPNT	22636		7329	812029		8069788			23			
VELF	22636	0	384	1510	465	1550	646	1725	727	1865	842	2035
VELF	22636	0	943	2150	1077	2295	1293	2400	1549	2470	1838	2555
VELF	22636	0	2370	2870	2721	3125	3010	3200	3428	3275	3832	3380
VELF	22636	0	4350	3550	5603	4055	6667	4405	7939	4715	9313	5025
VELF	22636	0	11973	5365								
SPNT	22716		7356	812579		8068953			23			
VELF	22716	0	374	1515	532	1573	626	1700	721	1860	795	2010
VELF	22716	0	939	2193	1101	2321	1273	2390	1576	2490	1811	2565
VELF	22716	0	2121	2740	2438	2925	2869	3155	3488	3390	3832	3515
VELF	22716	0	5320	4010	6539	4385	7731	4730	9387	5085	11987	5430
SPNT	22796		7383	813131		8068119			23			
VELF	22796	0	374	1515	525	1580	626	1715	717	1860	818	2055
VELF	22796	0	939	2205	1118	2335	1333	2425	1630	2495	1825	2550
VELF	22796	0	2148	2790	2444	2960	2869	3135	3212	3330	3461	3490
VELF	22796	0	3852	3660	4916	4065	6162	4370	7569	4710	9704	5135
VELF	22796	0	11987	5430								
SPNT	22876		7409	813692		8067291			23			
VELF	22876	0	377	1510	519	1580	633	1720	727	1880	788	2030
VELF	22876	0	882	2160	1017	2345	1212	2370	1569	2455	1825	2520
VELF	22876	0	2195	2675	2424	2860	2657	2985	2929	3115	3279	3305
VELF	22876	0	3441	3405	3879	3615	4357	3775	5327	4120	6276	4405
VELF	22876	0	7892	4755	9404	5070	11987	5425				
SPNT	22956		7436	814239		8066454			23			
VELF	22956	0	364	1510	485	1565	579	1670	660	1775	747	1940
VELF	22956	0	828	2085	976	2335	1226	2435	1569	2510	1805	2595
VELF	22956	0	2061	2695	2310	2845	2761	3010	3414	3330	4020	3570
VELF	22956	0	4438	3750	5077	4025	6458	4460	7859	4770	9556	5100
VELF	22956	0	11966	5420								
SPNT	23036		7463	814799		8065626			23			
VELF	23036	0	364	1510	478	1560	545	1625	633	1730	714	1875
VELF	23036	0	808	2100	956	2300	1226	2410	1428	2470	1690	2550
VELF	23036	0	2074	2705	2290	2825	2761	3065	3057	3240	3394	3375
VELF	23036	0	4121	3590	4970	3900	6848	4535	8067	4820	9690	5125
VELF	23036	0	11973	5405								
SPNT	23116		7489	815356		8064795			23			
VELF	23116	0	357	1510	495	1570	616	1700	700	1855	774	2055
VELF	23116	0	902	2185	1030	2285	1253	2390	1657	2540	1933	2665
VELF	23116	0	2343	2935	2774	3115	3360	3370	4539	3820	6168	4405
VELF	23116	0	7576	4795	9603	5155	11980	5450				
SPNT	23196		7516	815905		8063959			23			
VELF	23196	0	350	1510	471	1561	562	1635	626	1720	707	1895
VELF	23196	0	774	2045	889	2180	1017	2310	1185	2385	1643	2530
VELF	23196	0	2020	2700	2269	2835	2687	3185	3158	3330	3508	3430
VELF	23196	0	4411	3830	6222	4440	8754	5015	11980	5450		
SPNT	23276		7543	816462		8063129			23			
VELF	23276	0	354	1515	495	1580	626	1745	680	1835	758	2040
VELF	23276	0	848	2175	1030	2335	1219	2415	1461	2505	1798	2615
VELF	23276	0	2054	2715	2330	2875	2633	3080	3259	3415	3946	3710
VELF	23276	0	4492	3960	6222	4500	8249	4865	11966	5420		
SPNT	23356		7569	817014		8062295			23			
VELF	23356	0	343	1510	431	1555	532	1620	633	1765	754	2030
VELF	23356	0	902	2240	1010	2350	1138	2430	1367	2500	1582	2575
VELF	23356	0	1852	2670	2189	2770	2727	3090	3145	3385	3811	3700
VELF	23356	0	4492	3975	5886	4480	7387	4800	9549	5115	11966	5435
SPNT	23436		7596	817569		8061463			23			
VELF	23436	0	343	1510	485	1585	613	1750	677	1885	768	2065
VELF	23436	0	855	2245	980	2355	1232	2440	1650	2535	1825	2565
VELF	23436	0	2249	2850	2700	3150	3246	3500	3771	3735	4525	4055
VELF	23436	0	5253	4315	6263	4610	7710	4865	9333	5100	11946	5445
SPNT	23516		7623	818121		8060630			23			
VELF	23516	0	330	1510	485	1587	545	1640	626	1770	714	2065
VELF	23516	0	875	2220	1172	2410	1461	2495	1939	2610	2114	2765
VELF	23516	0	2343	2935	2687	3115	3320	3490	3785	3670	4283	3995
VELF	23516	0	4929	4275	5798	4540	7677	4940	9495	5185	11987	5495
SPNT	23596		7649	818674		8059797			23			
VELF	23596	0	323	1510	478	1575	593	1720	677	1955	758	2115
VELF	23596	0	869	2235	1165	2445	1421	2505	1791	2540	1993	2625
VELF	23596	0	2242	2890	2633	3095	2983	3265	3798	3665	4525	4055
VELF	23596	0	5387	4415	7401	4885	9926	5255	11960	5500		
SPNT	23676		7676	819226		8058962			23			
VELF	23676	0	323	1510	438	1560	512	1630	586	1720	636	1880
VELF	23676	0	694	2058	862	2255	1104	2410	1556	2520	2027	2680
VELF	23676	0	2256	2955	2593	3120	2963	3385	3199	3670	3987	4040
VELF	23676	0	5279	4430	7145	4865	9199	5200	11973	5515		
SPNT	23756		7703	819781		8058131			23			
VELF	23756	0	323	1515	465	1580	596	1770	657	1985	795	2240
VELF	23756	0	976	2345	1145	2390	1488	2505	1912	2670	2384	3000
VELF	23756	0	2869	3285	3670	3820	4411	4070	6209	4625	9232	5200
VELF	23756	0	11973	5520								
SPNT	23836		7729	820334		8057297			23			
VELF	23836	0	313	1500	471	1590	572	1750	673	2090	835	2241
VELF	23836	0	1098	2395	1313	2450	1542	2520	1919	2665	2310	2985
VELF	23836	0	2485	3100	2848	3420	3684	3960	4458	4230	5993	4625
VELF	23836	0	7421	4905	9347	5270	11966	5560				
SPNT	23916		7756	820888		8056465			23			
VELF	23916	0	330	1510	451	1575	525	1660	586	1790	687	2080
VELF	23916	0	822	2235	1030	2350	1455	2465	1717	2575	2067	2730
VELF	23916	0	2256	2950	2572	3235	3239	3695	3798	3995	5172	4410
VELF	23916	0	7327	4880	9320	5265	11973	5550				
SPNT	23996		7783	821438		8055630			23			
VELF	23996	0	323	1515	411	1540	505	1640	576	1790	673	2070
VELF	23996	0	795	2230	1051	2370	1387	2440	1636	2640	1879	2810
VELF	23996	0	2242	3010	2579	3225	2929	3475	3805	3920	5111	4390
VELF	23996	0	7421	4890	9253	5270	11980	5555				
SPNT	24076		7809	821992		8054797			23			
VELF	24076	0	323	1520	505	1640	586	1825	677	2030	795	2265
VELF	24076	0	889	2305	1077	2380	1401	2460	1697	2635	1933	2785
VELF	24076	0	2168	2950	2343	3070	2754	3360	3495	3805	4148	4040
VELF	24076	0	5077	4415	6337	4725	8613	5165	11960	5550		
SPNT	24156		7836	822543		8053962			23			
VELF	24156	0	303	1510	404	1555	515	1649	572	1800	667	2040
VELF	24156	0	707	2155	795	2255	1051	2340	1293	2390	1542	2515
VELF	24156	0	1778	2610	1946	2700	2316	3015	2620	3260	2990	3515
VELF	24156	0	3313	3705	4545	4215	6242	4705	9178	5240	11973	5555
SPNT	24236		7863	823091		8053126			23			
VELF	24236	0	296	1510	485	1615	572	1815	653	2015	788	2260
VELF	24236	0	1051	2335	1253	2390	1434	2455	1798	2625	2013	2755
VELF	24236	0	2202	2920	2492	3120	3044	3585	4061	4030	5125	4415
VELF	24236	0	6539	4900	9199	5350	11993	5645				
SPNT	24316		7889	823641		8052291			23			
VELF	24316	0	296	1510	418	1550	505	1620	559	1810	653	1975
VELF	24316	0	788	2245	1057	2330	1401	2420	1704	2590	1946	2760
VELF	24316	0	2175	2945	2552	3065	2862	3285	3448	3780	4377	4255
VELF	24316	0	5354	4650	7098	5050	9131	5330	11960	5630		
SPNT	24396		7916	824196		8051459			23			
VELF	24396	0	303	1515	451	1585	539	1770	633	1930	768	2195
VELF	24396	0	1030	2330	1259	2375	1461	2420	1643	2485	1811	2600
VELF	24396	0	1933	2805	2168	2955	2478	3175	3024	3440	3481	3800
VELF	24396	0	4310	4250	4902	4475	6451	4910	9084	5335	11987	5635
SPNT	24476		7943	824745		8050624			23			
VELF	24476	0	296	1517	391	1561	471	1655	552	1785	653	2020
VELF	24476	0	768	2180	997	2335	1266	2405	1677	2525	1872	2625
VELF	24476	0	2330	2855	2485	3030	2956	3325	3529	3730	4384	4280
VELF	24476	0	5192	4580	6364	4890	9178	5355	11993	5650		
SPNT	24556		7969	825293		8049787			23			
VELF	24556	0	283	1510	424	1570	498	1670	633	1950	694	2090
VELF	24556	0	778	2215	970	2300	1205	2430	1717	2580	1892	2745
VELF	24556	0	2128	2880	2397	2995	3165	3630	4020	4260	5327	4800
VELF	24556	0	7037	5090	9232	5380	11993	5660				
SPNT	24636		7996	825844		8048953			23			
VELF	24636	0	276	1515	384	1555	451	1615	545	1800	646	2015
VELF	24636	0	778	2220	970	2340	1152	2405	1374	2425	1677	2595
VELF	24636	0	1906	2705	2222	2810	2384	2950	2909	3525	3428	3990
VELF	24636	0	3906	4345	4646	4655	6067	4990	7848	5295	9582	5465
VELF	24636	0	11966	5665								
SPNT	24716		8023	826403		8048124			23			
VELF	24716	0	283	1515	391	1560	492	1690	579	1895	640	2030
VELF	24716	0	781	2205	1064	2350	1340	2465	1643	2580	1852	2725
VELF	24716	0	2121	2860	2370	3005	2680	3325	3643	4150	4620	4620
VELF	24716	0	5508	4935	6916	5195	9222	5495	11966	5720		
SPNT	24796		8049	826953		8047289			23			
VELF	24796	0	276	1515	364	1555	478	1660	586	1905	640	2055
VELF	24796	0	778	2210	983	2250	1327	2405	1481	2470	1737	2600
VELF	24796	0	1892	2775	2141	2900	2310	2945	2646	3305	2943	3605
VELF	24796	0	3367	4000	3744	4250	4795	4675	6141	4985	9030	5540
VELF	24796	0	11949	5815								
SPNT	24876		8076	827503		8046453			23			
VELF	24876	0	263	1515	384	1600	478	1675	599	1940	795	2200
VELF	24876	0	990	2240	1226	2330	1562	2480	1865	2700	2094	2830
VELF	24876	0	2377	2965	2444	3150	3057	3650	3582	4040	4687	4555
VELF	24876	0	6290	4955	8963	5430	11987	5725				
SPNT	24956		8103	828061		8045624			23			
VELF	24956	0	263	1510	365	1570	444	1610	586	1935	761	2170
VELF	24956	0	943	2240	1266	2355	1535	2445	1791	2605	2047	2795
VELF	24956	0	2269	2935	2438	3075	2626	3250	3226	3610	3724	3945
VELF	24956	0	4256	4225	5185	4670	6983	5050	8545	5330	11953	5710
SPNT	25036		8129	828614		8044790			23			
VELF	25036	0	263	1515	384	1580	465	1660	579	1910	657	2055
VELF	25036	0	741	2150	943	2200	1273	2355	1475	2390	1670	2545
VELF	25036	0	1912	2600	2101	2785	2249	2970	2680	3295	3253	3640
VELF	25036	0	3865	4105	4747	4490	5791	4815	7387	5135	9704	5465
VELF	25036	0	11966	5680								
SPNT	25116		8156	829170		8043960			23			
VELF	25116	0	242	1515	384	1580	492	1715	579	1900	680	2070
VELF	25116	0	943	2195	1266	2305	1461	2405	1603	2490	1825	2605
VELF	25116	0	2101	2860	2323	3070	2963	3515	3582	3875	4471	4435
VELF	25116	0	5495	4760	7003	5110	9064	5405	11987	5695		
SPNT	25196		8183	829714		8043120			23			
VELF	25196	0	263	1515	374	1580	471	1690	566	1895	687	2105
VELF	25196	0	923	2190	1273	2305	1414	2410	1657	2520	1838	2600
VELF	25196	0	2013	2755	2215	2960	2579	3285	3057	3625	3401	3865
VELF	25196	0	3987	4225	4673	4560	5785	4880	7071	5105	8680	5370
VELF	25196	0	11987	5705								
SPNT	25276		8209	830273		8042291			23			
VELF	25276	0	253	1510	369	1568	465	1680	579	1945	680	2120
VELF	25276	0	929	2175	1152	2235	1374	2340	1596	2470	1825	2605
VELF	25276	0	2013	2745	2350	2980	2815	3465	3562	4000	4519	4595
VELF	25276	0	5724	4860	6828	5090	8963	5425	11973	5720		
SPNT	25356		8236	830823		8041457			23			
VELF	25356	0	242	1510	374	1590	458	1680	566	1895	673	2070
VELF	25356	0	923	2195	1131	2250	1320	2305	1562	2430	1852	2620
VELF	25356	0	2034	2755	2162	2870	2512	3225	3044	3750	3818	4395
VELF	25356	0	4727	4705	5758	4955	7465	5255	9505	5535	11980	5755
SPNT	25436		8263	831378		8040624			23			
VELF	25436	0	242	1510	354	1579	468	1703	566	1910	677	2045
VELF	25436	0	909	2160	1118	2260	1313	2320	1630	2485	2020	2760
VELF	25436	0	2202	2895	2465	3205	3037	3600	3481	4095	4162	4540
VELF	25436	0	5542	4890	6949	5220	9131	5580	11973	5825		
SPNT	25516		8289	831929		8039790			23			
VELF	25516	0	236	1510	370	1580	465	1705	559	1895	687	2080
VELF	25516	0	902	2175	1051	2230	1273	2300	1616	2465	1912	2685
VELF	25516	0	2229	2920	2640	3315	3145	3765	3933	4240	5051	4725
VELF	25516	0	6471	5100	8545	5475	11973	5795				
SPNT	25596		8316	832483		8038957			23			
VELF	25596	0	229	1510	337	1555	438	1685	545	1885	714	2035
VELF	25596	0	889	2180	1205	2285	1455	2390	1657	2495	1788	2565
VELF	25596	0	1960	2670	2242	2960	2741	3350	3165	3660	3791	4085
VELF	25596	0	4815	4605	5461	4770	6303	5010	7630	5300	9024	5530
VELF	25596	0	12000	5795								
SPNT	25676		8343	833045		8038130			23			
VELF	25676	0	222	1510	337	1575	431	1685	515	1865	626	2055
VELF	25676	0	889	2170	1279	2285	1657	2565	1906	2690	2209	2860
VELF	25676	0	2680	3340	3387	3915	3737	4165	4424	4500	5636	4930
VELF	25676	0	7434	5270	9037	5510	11993	5785				
SPNT	25756		8369	833591		8037292			23			
VELF	25756	0	229	1515	330	1570	438	1685	519	1830	593	1967
VELF	25756	0	650	2055	929	2165	1067	2237	1259	2285	1603	2535
VELF	25756	0	1872	2625	2020	2745	2162	2860	2532	3340	3037	3940
VELF	25756	0	3798	4500	4869	4825	5926	4995	7788	5315	9428	5535
VELF	25756	0	11973	5770								
SPNT	25836		8396	834144		8036458			23			
VELF	25836	0	209	1515	350	1590	431	1695	525	1875	646	2105
VELF	25836	0	862	2175	1259	2300	1444	2400	1603	2490	1980	2750
VELF	25836	0	2162	2900	2323	3075	3118	3895	3522	4140	4451	4605
VELF	25836	0	6263	5015	8007	5275	9811	5510	11993	5725		
SPNT	25916		8423	834707		8035631			23			
VELF	25916	0	202	1515	290	1555	444	1720	566	1990	633	2185
VELF	25916	0	862	2225	1192	2280	1340	2320	1502	2420	1825	2605
VELF	25916	0	1987	2775	2162	2975	2559	3395	3077	3850	3650	4270
VELF	25916	0	4256	4585	4835	4765	5879	4945	7939	5245	9832	5510
VELF	25916	0	11987	5710								
SPNT	25996		8449	835261		8034799			23			
VELF	25996	0	209	1515	343	1600	444	1720	505	1880	620	2220
VELF	25996	0	1030	2265	1286	2365	1522	2420	1697	2520	1798	2620
VELF	25996	0	1926	2720	2040	2810	2215	3020	2545	3345	3024	3730
VELF	25996	0	4067	4460	5131	4800	7535	5160	10067	5540	11973	5710
SPNT	26076		8476	835814		8033965			23			
VELF	26076	0	209	1515	323	1590	438	1695	539	1970	667	2225
VELF	26076	0	838	2235	1051	2260	1300	2320	1596	2490	1939	2730
VELF	26076	0	2054	2805	2242	3050	2815	3580	3724	4250	5468	4740
VELF	26076	0	6343	4865	8222	5135	9987	5405	11993	5605		
SPNT	26156		8503	836380		8033140			23			
VELF	26156	0	189	1515	343	1585	431	1700	495	1835	566	2060
VELF	26156	0	697	2150	828	2210	1199	2300	1515	2410	1704	2505
VELF	26156	0	1892	2680	2101	2905	2633	3395	3791	4240	4391	4450
VELF	26156	0	5731	4800	6774	4945	8101	5125	9892	5390	11973	5600
SPNT	26236		8529	836932		8032307			23			
VELF	26236	0	202	1520	316	1550	431	1685	493	1826	559	2005
VELF	26236	0	828	2135	1003	2230	1253	2355	1508	2450	1663	2560
VELF	26236	0	1859	2700	2081	2890	2330	3105	2633	3425	3192	3830
VELF	26236	0	3906	4340	5596	4780	7192	4985	8418	5155	10013	5400
VELF	26236	0	11960	5610								
SPNT	26316		8556	837480		8031470			23			
VELF	26316	0	182	1520	310	1570	458	1745	572	1995	896	2150
VELF	26316	0	1232	2280	1576	2450	1785	2600	1939	2735	2135	2990
VELF	26316	0	2741	3510	3098	3725	3845	4205	4828	4600	7071	4970
VELF	26316	0	8498	5185	10209	5425	11966	5615				
SPNT	26396		8583	838040		8030642			23			
VELF	26396	0	195	1520	337	1570	431	1700	519	1825	599	1960
VELF	26396	0	848	2145	1030	2180	1205	2255	1569	2425	1879	2635
VELF	26396	0	2135	2945	2566	3425	3374	4005	4148	4405	5077	4685
VELF	26396	0	6633	4960	8411	5255	11993	5670				
SPNT	26476		8609	838591		8029808			23			
VELF	26476	0	195	1520	310	1570	418	1695	505	1855	626	1990
VELF	26476	0	808	2085	1010	2175	1205	2275	1542	2450	1677	2525
VELF	26476	0	1879	2650	2000	2760	2074	2890	2229	3060	2606	3440
VELF	26476	0	3199	3840	4101	4370	5488	4755	7246	5100	8215	5270
VELF	26476	0	11973	5700								
SPNT	26556		8636	839148		8028977			23			
VELF	26556	0	175	1520	310	1570	438	1720	502	1828	606	1970
VELF	26556	0	828	2100	1044	2185	1333	2305	1475	2425	1737	2550
VELF	26556	0	1886	2635	2067	2835	2357	3135	2889	3675	4168	4500
VELF	26556	0	5508	4885	7030	5135	9626	5515	11987	5715		
SPNT	26636		8663	839695		8028140			23			
VELF	26636	0	189	1515	337	1580	438	1715	515	1860	613	2045
VELF	26636	0	842	2080	1003	2155	1232	2260	1461	2410	1751	2585
VELF	26636	0	1899	2660	2020	2770	2229	2965	2572	3330	3057	3900
VELF	26636	0	3684	4305	4633	4745	5320	4900	6333	5085	8384	5335
VELF	26636	0	9859	5525	11973	5720						
SPNT	26716		8689	840246		8027305			23			
VELF	26716	0	189	1520	303	1575	421	1679	502	1845	620	1980
VELF	26716	0	828	2110	1091	2190	1259	2275	1522	2455	1764	2615
VELF	26716	0	1960	2725	2108	2785	2330	2960	2747	3540	3340	4090
VELF	26716	0	3869	4395	5084	4855	6141	5040	7704	5250	9232	5425
VELF	26716	0	11993	5705								
SPNT	26796		8716	840805		8026477			23			
VELF	26796	0	189	1520	323	1585	411	1685	552	1920	788	2075
VELF	26796	0	1010	2160	1259	2320	1461	2370	1771	2620	1973	2740
VELF	26796	0	2155	2900	2276	3065	2673	3510	3111	3890	3966	4325
VELF	26796	0	5024	4665	6135	4975	7495	5235	9313	5445	11966	5715
SPNT	26876		8743	841353		8025640			23			
VELF	26876	0	182	1525	310	1580	418	1695	498	1825	599	2025
VELF	26876	0	781	2120	976	2235	1125	2275	1259	2320	1502	2440
VELF	26876	0	1710	2570	1919	2710	2088	2810	2350	3100	2902	3730
VELF	26876	0	3657	4320	4976	4835	6162	5035	7380	5195	9724	5475
VELF	26876	0	11946	5685								
SPNT	26956		8769	841910		8024809			23			
VELF	26956	0	195	1525	323	1585	431	1715	532	1945	636	2090
VELF	26956	0	761	2140	1077	2260	1313	2355	1468	2435	1717	2535
VELF	26956	0	1966	2755	2303	3140	3017	3805	3737	4265	4882	4745
VELF	26956	0	6155	5020	7684	5235	9727	5465	11980	5675		
SPNT	27036		8796	842462		8023975			23			
VELF	27036	0	189	1539	300	1565	424	1705	525	1890	593	2045
VELF	27036	0	747	2085	936	2100	1084	2180	1172	2250	1354	2340
VELF	27036	0	1455	2435	1717	2615	1838	2745	2020	2900	2276	3145
VELF	27036	0	2680	3645	3232	4090	4404	4580	5616	4905	6552	5085
VELF	27036	0	7232	5175	9152	5375	11980	5665				
SPNT	27116		8823	843011		8023140			23			
VELF	27116	0	189	1525	323	1600	418	1690	505	1855	613	2060
VELF	27116	0	963	2125	1178	2250	1535	2395	1724	2595	1906	2725
VELF	27116	0	2209	2965	2418	3130	2976	3875	3872	4475	5051	4895
VELF	27116	0	6152	5075	7586	5235	9606	5415	11990	5670		
SPNT	27196		8849	843563		8022305			23			
VELF	27196	0	189	1525	333	1580	397	1670	505	1860	599	2040
VELF	27196	0	763	2122	970	2175	1226	2280	1461	2330	1670	2540
VELF	27196	0	1778	2625	1933	2800	2337	3160	2613	3480	3152	3895
VELF	27196	0	3495	4075	4047	4340	4620	4590	5300	4830	6465	5035
VELF	27196	0	8646	5335	11990	5685						
SPNT	27276		8876	844118		8021474			23			
VELF	27276	0	175	1525	310	1565	438	1720	532	1895	599	2025
VELF	27276	0	949	2100	1178	2225	1387	2350	1556	2435	1805	2705
VELF	27276	0	2088	2895	2485	3220	3084	3855	4061	4440	4593	4670
VELF	27276	0	5697	4950	7111	5150	8525	5325	12000	5690		
SPNT	27356		8903	844679		8020646			23			
VELF	27356	0	182	1525	327	1585	431	1720	566	2000	721	2030
VELF	27356	0	902	2070	1098	2135	1306	2265	1576	2460	1744	2605
VELF	27356	0	1966	2845	2350	3100	3152	3735	4114	4390	5502	4870
VELF	27356	0	6727	5085	8646	5345	11990	5690				
SPNT	27436		8929	845232		8019813			23			
VELF	27436	0	175	1525	269	1555	333	1610	424	1700	512	1880
VELF	27436	0	727	2035	943	2095	1138	2185	1333	2295	1582	2470
VELF	27436	0	1737	2605	1946	2840	2451	3175	3428	3915	4222	4440
VELF	27436	0	5354	4840	6923	5110	9098	5430	11966	5700		
SPNT	27516		8956	845779		8018976			23			
VELF	27516	0	189	1525	323	1595	431	1700	519	1850	680	1990
VELF	27516	0	929	2060	1091	2165	1253	2255	1465	2425	1663	2590
VELF	27516	0	1879	2735	2114	3025	2559	3350	3663	4165	4626	4600
VELF	27516	0	6626	5130	9158	5510	12000	5755				
SPNT	27596		8983	846337		8018145			23			
VELF	27596	0	175	1525	303	1600	424	1720	586	1900	707	2025
VELF	27596	0	909	2095	1158	2215	1495	2420	1630	2470	1731	2655
VELF	27596	0	1906	2795	2202	3110	2492	3265	3131	3790	3825	4295
VELF	27596	0	5145	4785	6848	5200	8377	5445	11960	5800		
SPNT	27676		9009	846896		8017317			23			
VELF	27676	0	182	1520	310	1591	397	1695	492	1785	606	1880
VELF	27676	0	707	1985	902	2055	1084	2185	1293	2325	1468	2425
VELF	27676	0	1731	2620	1939	2835	2061	2990	2458	3220	3172	3780
VELF	27676	0	3663	4225	4377	4590	5071	4845	6384	5150	8727	5520
VELF	27676	0	11973	5815								
SPNT	27756		9036	847454		8016487			23			
VELF	27756	0	175	1525	269	1565	333	1635	451	1750	552	1870
VELF	27756	0	694	2010	889	2045	976	2105	1098	2190	1354	2385
VELF	27756	0	1562	2460	1643	2550	1771	2700	2027	2880	2357	3140
VELF	27756	0	2667	3380	3145	3805	4121	4465	4916	4780	6552	5190
VELF	27756	0	9152	5555	12000	5820						
SPNT	27836		9063	848000		8015648			23			
VELF	27836	0	182	1525	293	1590	424	1740	572	1905	694	2040
VELF	27836	0	896	2080	1118	2180	1226	2275	1421	2415	1596	2565
VELF	27836	0	1717	2620	1912	2815	2081	2945	2397	3335	3030	3800
VELF	27836	0	3879	4365	4667	4720	5589	4985	7646	5435	9909	5715
VELF	27836	0	11970	5865								
SPNT	27916		9089	848554		8014816			23			
VELF	27916	0	182	1525	316	1615	397	1710	512	1890	700	2035
VELF	27916	0	869	2075	1017	2140	1293	2295	1441	2435	1704	2670
VELF	27916	0	1886	2800	2189	3085	2606	3465	2983	3830	3542	4215
VELF	27916	0	4909	4770	7333	5385	9657	5695	11960	5855		
SPNT	27996		9116	849110		8013985			23			
VELF	27996	0	175	1525	273	1580	384	1700	478	1895	680	2050
VELF	27996	0	929	2100	1226	2270	1327	2315	1407	2415	1630	2500
VELF	27996	0	1791	2590	1919	2825	2040	3040	2734	3685	3441	4185
VELF	27996	0	4727	4740	6061	5085	7178	5355	9596	5705	11990	5885
SPNT	28076		9143	849659		8013149			23			
VELF	28076	0	168	1525	293	1610	370	1735	505	1900	667	2010
VELF	28076	0	862	2100	1024	2190	1212	2280	1360	2390	1556	2530
VELF	28076	0	1710	2675	1859	2755	2067	2975	2512	3480	3879	4320
VELF	28076	0	5172	4790	7562	5385	9805	5635	11993	5805		
SPNT	28156		9169	850212		8012316			23			
VELF	28156	0	168	1525	276	1595	391	1725	512	1910	660	2015
VELF	28156	0	848	2095	1111	2210	1300	2350	1582	2555	1751	2690
VELF	28156	0	1892	2905	2162	3165	2404	3405	2896	3720	3859	4225
VELF	28156	0	5145	4675	6397	5035	8162	5365	10054	5600	11973	5765
SPNT	28236		9196	850762		8011480			23			
VELF	28236	0	155	1525	283	1605	394	1745	498	1890	646	2015
VELF	28236	0	855	2095	1051	2180	1333	2385	1455	2490	1643	2610
VELF	28236	0	1832	2730	1926	2860	2283	3305	2734	3670	3421	4065
VELF	28236	0	4242	4415	6000	4995	8061	5380	11980	5780		
SPNT	28316		9223	851320		8010650			23			
VELF	28316	0	168	1525	263	1580	411	1765	475	1935	646	2031
VELF	28316	0	936	2150	1098	2215	1286	2340	1414	2495	1582	2600
VELF	28316	0	1710	2715	2135	3090	2694	3705	3495	4210	4943	4745
VELF	28316	0	7003	5230	9212	5505	11953	5750				
SPNT	28396		9249	851880		809822			23			
VELF	28396	0	162	1525	269	1585	364	1725	444	1870	613	2065
VELF	28396	0	896	2140	1111	2235	1266	2305	1340	2430	1549	2565
VELF	28396	0	1684	2680	1825	2820	2276	3195	2667	3615	3320	4050
VELF	28396	0	4236	4410	5731	4935	7946	5355	11960	5775		
SPNT	28476		9276	852428		808986			23			
VELF	28476	0	155	1525	246	1565	316	1663	380	1755	465	1865
VELF	28476	0	646	2055	896	2115	1121	2255	1293	2385	1475	2490
VELF	28476	0	1569	2630	1768	2770	2155	3125	2835	3760	3650	4255
VELF	28476	0	4855	4725	6492	5150	8148	5445	11987	5795		
SPNT	28556		9303	852980		808152			23			
VELF	28556	0	141	1525	236	1565	377	1770	646	2055	896	2125
VELF	28556	0	1118	2230	1266	2310	1380	2430	1596	2635	1731	2770
VELF	28556	0	1946	3050	2249	3385	2680	3705	3724	4205	5199	4785
VELF	28556	0	6404	5135	8316	5455	11973	5790				
SPNT	28636		9329	853542		807325			23			
VELF	28636	0	162	1525	232	1569	306	1651	411	1840	640	2090
VELF	28636	0	869	2125	1158	2330	1354	2445	1562	2665	1872	2945
VELF	28636	0	2418	3390	2862	3745	3455	4125	4808	4775	6455	5145
VELF	28636	0	8734	5460	11993	5790						
SPNT	28716		9356	854094		806492			23			
VELF	28716	0	155	1525	229	1575	384	1810	626	2015	862	2110
VELF	28716	0	1138	2300	1394	2455	1576	2660	1906	2940	2350	3295
VELF	28716	0	3077	3885	3832	4280	5145	4785	6465	5145	8458	5455
VELF	28716	0	11960	5805								
SPNT	28796		9383	854649		805660			23			
VELF	28796	0	162	1525	246	1591	377	1820	620	2045	923	2175
VELF	28796	0	1138	2290	1360	2435	1522	2640	1663	2730	1980	2980
VELF	28796	0	2229	3180	2808	3685	3690	4220	4781	4650	5232	4800
VELF	28796	0	6848	5140	8963	5515	11980	5815				
SPNT	28876		9409	855215		804835			23			
VELF	28876	0	155	1525	263	1640	384	1840	512	1990	677	2095
VELF	28876	0	875	2150	1098	2275	1253	2345	1468	2515	1562	2655
VELF	28876	0	1751	2855	2438	3460	3104	3960	4054	4365	5199	4660
VELF	28876	0	6465	5015	8653	5450	11973	5785				
SPNT	28956		9436	855750		803989			23			
VELF	28956	0	148	1520	232	1599	384	1875	441	1937	677	2105
VELF	28956	0	896	2165	1118	2275	1199	2320	1313	2415	1495	2595
VELF	28956	0	1737	2835	2054	3165	2397	3510	3111	4020	3886	4430
VELF	28956	0	5758	4935	7205	5260	9286	5560	11987	5820		
SPNT	29036		9463	856300		803154			23			
VELF	29036	0	141	1525	242	1635	343	1815	444	1975	660	2090
VELF	29036	0	862	2160	1037	2230	1192	2335	1300	2435	1475	2600
VELF	29036	0	1603	2805	1993	3205	2633	3675	3360	4220	4492	4650
VELF	29036	0	5407	4895	7010	5255	9481	5615	11980	5830		
SPNT	29116		9489	856843		802315			23			
VELF	29116	0	148	1525	202	1605	286	1737	364	1915	552	2055
VELF	29116	0	667	2093	835	2145	1020	2235	1192	2310	1394	2500
VELF	29116	0	1502	2645	1636	2735	1933	3100	2168	3300	3306	4095
VELF	29116	0	3838	4385	5145	4835	7024	5225	9488	5600	11960	5965
SPNT	29196		9516	857394		801480			23			
VELF	29196	0	128	1530	202	1630	283	1730	364	1890	636	2090
VELF	29196	0	842	2130	1030	2260	1273	2440	1488	2660	1832	2915
VELF	29196	0	2114	3120	2680	3740	3205	4100	3825	4435	5125	4835
VELF	29196	0	6734	5170	9791	5655	11987	5840				
SPNT	29276		9543	857949		80648			23			
VELF	29276	0	141	1525	263	1715	357	1890	606	2050	882	2135
VELF	29276	0	1064	2230	1192	2325	1387	2510	1603	2665	1906	3000
VELF	29276	0	2673	3655	3279	4165	4498	4715	5771	5030	7394	5270
VELF	29276	0	9354	5525	11960	5745						
SPNT	29356		9569	858504		7999816			23			
VELF	29356	0	135	1525	283	1770	370	1915	579	2075	838	2180
VELF	29356	0	1138	2285	1286	2410	1481	2635	1663	2805	2020	3100
VELF	29356	0	2519	3525	2970	3865	3401	4165	4391	4575	5805	5025
VELF	29356	0	7461	5310	9199	5510	11946	5745				
